---results---

The params:
[[  4.30185926e+01]
 [  6.29195379e-02]
 [  2.42391446e-07]
 [  9.39043659e-03]
 [ -2.01692177e+02]
 [ -4.03537254e+04]
 [  1.67572248e+04]
 [ -6.74692179e+02]
 [ -5.17452496e+03]
 [  5.50683927e+00]
 [  9.13056422e+00]
 [ -1.01882702e+04]
 [  1.58716830e+02]
 [ -1.19725092e+00]
 [  3.29627325e+03]
 [ -2.34002551e+01]
 [ -1.84512213e-01]
 [  3.34305033e+00]
 [ -4.40806551e+01]
 [  1.99757924e+01]]

The regress value of test data:
[[ 23.64750783]
 [ 18.67938372]
 [ 20.08137312]
 [ 17.07952086]
 [ 15.41476021]
 [ 16.0087659 ]
 [ 18.23598654]
 [ 17.53267537]
 [ 18.72414571]
 [ 17.05364558]
 [ 13.69682537]
 [ 16.99696917]
 [ 15.78144048]
 [ 16.0605492 ]
 [ 16.3351082 ]
 [ 17.74400749]
 [ 16.64109332]
 [ 15.37487675]
 [ 15.29188402]
 [ 22.54967577]
 [ 16.56444159]
 [ 20.88441444]
 [ 22.24925143]
 [ 18.08870781]
 [ 20.34186333]
 [ 15.31442909]
 [ 21.53888886]
 [ 18.62230011]
 [ 16.4354581 ]
 [ 22.82986487]
 [ 17.22599142]
 [ 15.41196081]
 [ 19.36387977]
 [ 16.37050089]
 [ 16.01925656]
 [ 18.19479916]
 [ 16.07054577]
 [ 19.64620284]
 [ 16.6380431 ]
 [ 17.50162308]
 [ 16.58648277]
 [ 21.64762658]
 [ 18.56860056]
 [ 16.64762542]
 [ 20.86156156]
 [ 17.09932818]
 [ 16.12056903]
 [ 17.18517933]
 [ 17.7563399 ]
 [ 17.43140998]
 [ 22.24397325]
 [ 20.1618237 ]
 [ 18.14924436]
 [ 15.9415113 ]
 [ 16.29165524]
 [ 16.2241274 ]
 [ 15.2312088 ]
 [ 16.78390041]
 [ 19.10042552]
 [ 17.80244858]
 [ 15.56045968]
 [ 16.39889731]
 [ 16.62293065]
 [ 27.13206025]
 [ 15.39249515]
 [ 17.47752092]
 [ 18.46767968]
 [ 17.0843773 ]
 [ 15.32230307]
 [ 16.89461496]
 [ 16.6477542 ]
 [ 17.35407275]
 [ 17.67605186]
 [ 16.77296729]
 [ 15.66514072]
 [ 16.50910185]
 [ 15.4741864 ]
 [ 16.55549402]
 [ 17.63629107]
 [ 15.51077277]
 [ 16.41170268]
 [ 16.48678012]
 [ 15.87876495]
 [ 15.52215038]
 [ 20.34690869]
 [ 17.1210038 ]
 [ 19.51909599]
 [ 18.32913479]
 [ 18.63340401]
 [ 17.47660074]
 [ 15.9329797 ]
 [ 17.99224319]
 [ 17.30143328]
 [ 18.54171412]
 [ 18.82782272]
 [ 17.83895524]
 [ 16.97779308]
 [ 17.480716  ]
 [ 16.18802133]
 [ 15.15259581]
 [ 17.1739006 ]
 [ 16.38793957]
 [ 17.87670365]
 [ 16.99992947]
 [ 17.56593674]
 [ 16.31913615]
 [ 21.28251729]
 [ 17.46579907]
 [ 20.22757542]
 [ 17.24003268]
 [ 18.39957642]
 [ 17.92164257]
 [ 14.02994177]
 [ 19.1124842 ]
 [ 17.62322713]
 [ 17.46229127]
 [ 17.28296381]
 [ 19.51682062]
 [ 16.82428999]
 [ 16.87188027]
 [ 17.91033929]
 [ 17.22746642]
 [ 16.43699217]
 [ 16.70134008]
 [ 19.15677538]
 [ 19.1502339 ]
 [ 16.75212759]
 [ 16.81531185]
 [ 23.10279308]
 [ 17.10231666]
 [ 18.40255001]
 [ 17.04133136]
 [ 17.19635467]
 [ 16.00625161]
 [ 19.93625627]
 [ 17.03823135]
 [ 16.97504532]
 [ 18.37032212]
 [ 20.14515688]
 [ 15.81964129]
 [ 18.58136768]
 [ 14.88478096]
 [ 17.19682766]
 [ 16.27564879]
 [ 20.07097574]
 [ 18.47445589]
 [ 18.00073025]
 [ 19.11796817]
 [ 20.0249082 ]
 [ 19.93583019]
 [ 17.91680389]
 [ 18.11625952]
 [ 16.18200007]
 [ 17.62637529]
 [ 18.6540305 ]
 [ 17.60872402]
 [ 16.26371717]
 [ 14.82786004]
 [ 15.07016477]
 [ 14.05996723]
 [ 13.9043247 ]
 [ 15.32241209]
 [ 14.69080441]
 [ 15.33323232]
 [ 15.92242505]
 [ 14.59660827]
 [ 15.26399395]
 [ 14.34425374]
 [ 13.89884658]
 [ 15.09537017]
 [ 15.59688336]
 [ 15.93445851]
 [ 16.59009231]
 [ 15.75377866]
 [ 15.96398729]
 [ 15.76186067]
 [ 16.07107474]
 [ 17.21687794]
 [ 17.96148302]
 [ 15.41376367]
 [ 16.32501484]
 [ 14.87178477]
 [ 15.70483088]
 [ 16.85956567]
 [ 15.06358497]
 [ 13.77641613]
 [ 12.00847839]
 [ 13.79666011]
 [ 13.61946679]
 [ 13.3865186 ]
 [ 14.00170033]
 [ 15.79529178]
 [ 15.04869057]
 [ 15.24559763]
 [ 14.54126907]
 [ 14.31056497]
 [ 13.47184329]
 [ 13.40075525]
 [ 14.00735363]
 [ 15.62487796]
 [ 16.02616498]
 [ 15.53293065]
 [ 14.92660423]
 [ 14.72009787]
 [ 16.33490548]
 [ 16.09330745]
 [ 15.65771925]
 [ 16.00012731]
 [ 15.62724581]
 [ 13.84763302]
 [ 18.56263581]
 [ 16.02060896]
 [ 14.61780547]
 [ 13.97946251]
 [ 15.78464548]
 [ 15.8083317 ]
 [ 15.40421304]
 [ 16.6809117 ]
 [ 15.44078967]
 [ 14.01589518]
 [ 17.17694896]
 [ 15.09453332]
 [ 16.31483434]
 [ 15.60717769]
 [ 15.08509504]
 [ 16.08450746]
 [ 15.18322228]
 [ 18.08567869]
 [ 20.44313334]
 [ 17.85564808]
 [ 18.7838502 ]
 [ 20.43886004]
 [ 16.14692312]
 [ 17.0469327 ]
 [ 18.96597743]
 [ 16.17452489]
 [ 16.39387225]
 [ 18.65986017]
 [ 16.20793267]
 [ 17.6076369 ]
 [ 17.0521334 ]
 [ 14.44309381]
 [ 16.91204364]
 [ 17.01865147]
 [ 17.49050691]
 [ 16.64538536]
 [ 17.05480232]
 [ 17.36672744]
 [ 17.45213277]
 [ 15.99346382]
 [ 16.05298871]
 [ 14.64782376]
 [ 17.15964182]
 [ 17.10729716]
 [ 16.9695244 ]
 [ 20.55364586]
 [ 18.14032457]
 [ 18.2336313 ]
 [ 18.86512496]
 [ 17.70994599]
 [ 18.13779205]
 [ 20.13650497]
 [ 15.91593111]
 [ 19.02396061]
 [ 20.21269636]
 [ 17.29650374]
 [ 18.6210584 ]
 [ 19.442438  ]
 [ 17.0493144 ]
 [ 18.90932964]
 [ 16.88617791]
 [ 17.95675632]
 [ 17.47844261]
 [ 16.49772321]
 [ 16.7984921 ]
 [ 16.16470347]
 [ 17.69333744]
 [ 18.8170925 ]
 [ 16.75029242]
 [ 17.04521436]
 [ 16.67189116]
 [ 17.30460986]
 [ 20.13912018]
 [ 19.22504286]
 [ 17.77974462]
 [ 19.2725839 ]
 [ 17.08224117]
 [ 19.25030186]
 [ 17.55572211]
 [ 18.18722866]
 [ 16.3731661 ]
 [ 17.4070018 ]
 [ 18.60813751]
 [ 25.19267491]
 [ 15.75900326]
 [ 18.03722697]
 [ 16.6167566 ]
 [ 18.92544563]
 [ 17.38664905]
 [ 17.09751066]
 [ 17.24282458]
 [ 19.76682998]
 [ 18.48205063]
 [ 17.38480991]
 [ 16.52267595]
 [ 21.90783217]
 [ 21.88700169]
 [ 21.57043743]
 [ 18.96000636]
 [ 19.70549791]
 [ 18.39760007]
 [ 19.7292077 ]
 [ 19.90658314]
 [ 18.64831955]
 [ 20.05300512]
 [ 20.87644264]
 [ 21.5953597 ]
 [ 20.81967493]
 [ 16.29359407]
 [ 18.74255513]
 [ 23.44048822]
 [ 15.40053665]
 [ 17.80428651]
 [ 16.06075713]
 [ 18.29643315]
 [ 17.66587178]
 [ 16.12459707]
 [ 18.55139317]
 [ 18.49430082]
 [ 18.15162244]
 [ 17.73610064]
 [ 17.14766066]
 [ 19.40766468]
 [ 19.29511786]
 [ 20.81842771]
 [ 19.48369451]
 [ 19.84947501]
 [ 17.93025004]
 [ 19.24059061]
 [ 19.44855785]
 [ 18.98567716]
 [ 19.17902477]
 [ 20.98654477]
 [ 19.33809333]
 [ 20.28453982]
 [ 21.13282284]
 [ 17.95818715]
 [ 18.94908063]
 [ 19.78530966]
 [ 15.95884271]
 [ 18.22424293]
 [ 16.12328512]
 [ 18.96520153]
 [ 17.48091086]
 [ 16.46856898]
 [ 16.34727545]
 [ 18.87864968]
 [ 17.48091806]
 [ 17.01719833]
 [ 18.42253202]
 [ 19.65774514]
 [ 19.55419187]
 [ 20.06921006]
 [ 19.77051198]
 [ 18.86966004]
 [ 20.02810268]
 [ 19.36318457]
 [ 21.02112301]
 [ 18.74491323]
 [ 19.39191752]
 [ 20.38049376]
 [ 22.26837149]
 [ 20.81997702]
 [ 20.89253623]
 [ 17.04059688]
 [ 20.02847901]
 [ 18.97025097]
 [ 17.59369836]
 [ 17.58658478]
 [ 16.07304054]
 [ 16.30555533]
 [ 16.79803631]
 [ 17.6372468 ]
 [ 17.73074172]
 [ 17.84205587]
 [ 18.65037719]
 [ 19.13390246]
 [ 17.20670476]
 [ 18.93637428]
 [ 18.15799375]
 [ 20.80419857]
 [ 18.90161412]
 [ 17.68965313]
 [ 18.61230061]
 [ 17.32148573]
 [ 20.47092906]
 [ 21.74526439]
 [ 19.89679796]
 [ 18.89061663]
 [ 20.25244936]
 [ 19.59638896]
 [ 21.21883366]
 [ 20.95496008]
 [ 19.14994453]
 [ 18.74460951]
 [ 17.98549679]
 [ 21.51824074]
 [ 17.77098699]
 [ 18.25956615]
 [ 18.57193173]
 [ 16.78648653]
 [ 18.22828077]
 [ 20.32331118]
 [ 20.08319638]
 [ 19.09960791]
 [ 20.31451746]
 [ 19.29865417]
 [ 21.05210402]
 [ 20.88941925]
 [ 21.44833905]
 [ 19.70160711]
 [ 20.90467941]
 [ 19.11499085]
 [ 20.15511829]
 [ 22.90412768]
 [ 20.43059193]
 [ 21.85717337]
 [ 21.70273199]
 [ 19.5793682 ]
 [ 20.48425106]
 [ 21.28118584]
 [ 17.46982364]
 [ 18.59516563]
 [ 17.500933  ]
 [ 18.59370386]
 [ 19.11556526]
 [ 18.34685751]
 [ 18.81132487]
 [ 18.20322353]
 [ 18.63863134]
 [ 19.20032513]
 [ 21.46338955]
 [ 20.55385761]
 [ 19.09254798]
 [ 21.49705273]
 [ 21.87340205]
 [ 20.90444592]
 [ 20.04197456]
 [ 18.25344468]
 [ 20.25130935]
 [ 20.94738077]
 [ 21.21856863]
 [ 25.15578553]
 [ 21.97315388]
 [ 21.78721238]
 [ 24.05008893]
 [ 20.29740625]
 [ 21.23379111]
 [ 22.46423314]
 [ 21.65070769]
 [ 21.5804509 ]
 [ 23.16345752]
 [ 21.54999923]
 [ 22.18043   ]
 [ 22.03793947]
 [ 21.02942831]
 [ 21.49707818]
 [ 20.39204112]
 [ 23.79401179]
 [ 20.92858904]
 [ 22.33675902]
 [ 24.61209053]
 [ 20.44183665]
 [ 23.70453104]
 [ 19.72637472]
 [ 23.77263356]
 [ 20.28209799]
 [ 21.86696533]
 [ 21.93663019]
 [ 17.49417308]
 [ 25.02379842]
 [ 18.79479209]
 [ 18.24539756]
 [ 20.31437786]
 [ 23.26637473]
 [ 21.32308773]
 [ 20.24335111]
 [ 20.90237579]
 [ 20.69839491]
 [ 20.26842236]
 [ 19.25899288]
 [ 21.89490321]
 [ 20.35304465]
 [ 23.07643952]
 [ 23.04466135]
 [ 24.51365906]
 [ 21.10042387]
 [ 21.42690949]
 [ 22.06664432]
 [ 24.9463876 ]
 [ 21.27578052]
 [ 22.86424743]
 [ 20.81299564]
 [ 23.53756751]
 [ 21.41078895]
 [ 23.06102843]
 [ 20.48658897]
 [ 22.24842247]
 [ 19.95445878]
 [ 23.46919729]
 [ 21.41573229]
 [ 21.40115506]
 [ 21.43376162]
 [ 21.84623931]
 [ 21.27129751]
 [ 20.53965527]
 [ 21.55219053]
 [ 19.24461988]
 [ 21.08968472]
 [ 21.45802094]
 [ 22.52555013]
 [ 19.29201633]
 [ 19.32567722]
 [ 20.12093851]
 [ 20.75834658]
 [ 19.50122156]
 [ 19.45201606]
 [ 20.43691925]
 [ 20.38517832]
 [ 21.59607478]
 [ 21.44943742]
 [ 20.73550575]
 [ 21.13565685]
 [ 20.67945072]
 [ 21.48039853]
 [ 22.02233167]
 [ 19.2431613 ]
 [ 22.84491227]
 [ 23.69319268]
 [ 22.56446357]
 [ 21.63357311]
 [ 18.25290999]
 [ 20.01337522]
 [ 21.47820877]
 [ 20.80733682]
 [ 20.95774395]
 [ 18.78063502]
 [ 19.70515951]
 [ 23.24646732]
 [ 25.0211533 ]
 [ 23.68671441]
 [ 18.39930183]
 [ 21.24127361]
 [ 20.30516871]
 [ 18.94246728]
 [ 21.46003062]
 [ 22.74881983]
 [ 22.4208629 ]
 [ 23.06502016]
 [ 23.98733945]
 [ 20.98304602]
 [ 20.88473888]
 [ 23.1404746 ]
 [ 23.18603861]
 [ 22.4331956 ]
 [ 20.37857935]
 [ 21.28610753]
 [ 24.717416  ]
 [ 25.37833882]
 [ 19.98685346]
 [ 24.18264876]
 [ 23.2928653 ]
 [ 24.58154803]
 [ 23.72163566]
 [ 23.05703023]
 [ 24.74881491]
 [ 22.29684473]
 [ 22.10061383]
 [ 21.1464153 ]
 [ 23.83794852]
 [ 25.62146319]
 [ 22.13221947]
 [ 24.5780358 ]
 [ 25.46496356]
 [ 21.44792818]
 [ 24.2412597 ]
 [ 22.58879788]
 [ 24.18672167]
 [ 26.34688757]
 [ 23.76486432]
 [ 23.61753232]
 [ 24.85966789]
 [ 22.04863238]
 [ 23.23336822]
 [ 24.3582888 ]
 [ 25.17741998]
 [ 23.39835961]
 [ 24.83269116]
 [ 26.0861453 ]
 [ 23.16103211]
 [ 24.85346987]
 [ 22.98265966]
 [ 21.69487191]
 [ 23.62270322]
 [ 24.06982312]
 [ 20.04201628]
 [ 20.46290016]
 [ 19.83637455]
 [ 22.06308208]
 [ 23.76064512]
 [ 20.67581557]
 [ 22.55626266]
 [ 20.21273026]
 [ 22.81828579]
 [ 21.94277069]
 [ 20.59710563]
 [ 10.82294212]
 [ 20.06809893]
 [ 18.7520476 ]
 [ 21.846754  ]
 [ 21.82757507]
 [ 16.23104223]
 [ 15.81850201]
 [ 10.60459108]
 [ 19.46593291]
 [ 20.71035348]
 [ 23.24948547]
 [ 18.61870393]
 [ 20.62296888]
 [ 20.22214648]
 [ 19.37742838]
 [ 19.11134414]
 [ 20.87314977]
 [ 20.33918711]
 [ 19.65571854]
 [ 20.18680867]
 [ 19.08243316]
 [ 21.05022375]
 [ 20.4028795 ]
 [ 20.14402343]
 [ 21.33576094]
 [ 20.42866695]
 [ 21.61871617]
 [ 20.1224956 ]
 [ 20.52261709]
 [ 19.09115887]
 [ 19.34425164]
 [ 22.72290892]
 [ 18.15446759]
 [ 22.69587989]
 [ 20.78148604]
 [ 19.25077872]
 [ 20.12034653]
 [ 19.84691909]
 [ 19.65764506]
 [ 20.22590289]
 [ 19.80740339]
 [ 19.24051392]
 [ 19.75348803]
 [ 19.88469338]
 [ 19.71651962]
 [ 20.86730272]
 [ 20.5211587 ]
 [ 19.98075508]
 [ 20.94850224]
 [ 23.06272851]
 [ 24.20493494]
 [ 22.95733636]
 [ 21.01143115]
 [ 17.5363602 ]
 [ 18.92902494]
 [ 23.89282146]
 [ 20.90659741]
 [ 19.899922  ]
 [ 20.28295309]
 [ 21.69701486]
 [ 22.77007534]
 [ 14.84018947]
 [ 20.83375197]
 [ 20.93572035]
 [ 20.19903899]
 [ 20.66989885]
 [ 19.22128148]
 [ 22.90573423]
 [ 19.9166153 ]
 [ 21.81786148]
 [ 20.37656934]
 [ 22.68727416]
 [ 15.89304521]
 [ 18.98111129]
 [ 24.08804346]
 [ 14.62493792]
 [ 21.49034575]
 [ 15.05763364]
 [ 17.98862019]
 [ 20.71155787]
 [ 17.97464708]
 [ 14.07658027]
 [ 20.35936944]
 [ 20.08428264]
 [ 22.00840935]
 [ 21.77508379]
 [ 21.28029415]
 [ 22.5754766 ]
 [ 21.64964079]
 [ 20.35492755]
 [ 21.0059555 ]
 [ 22.10707337]
 [ 22.34531942]
 [ 20.94437046]
 [ 22.76983329]
 [ 22.22620198]
 [ 23.02211909]
 [ 23.4690816 ]
 [ 20.796675  ]
 [ 22.65923676]
 [ 17.78111734]
 [ 20.46857965]
 [ 22.62045902]
 [ 21.07498999]
 [ 22.46700311]
 [ 22.63896524]
 [ 21.94518961]
 [ 21.10620458]
 [ 23.57760673]
 [ 22.2363331 ]
 [ 22.10235144]
 [ 18.77779456]
 [ 23.12915607]
 [ 21.21340923]
 [ 21.74790214]
 [ 22.17350713]
 [ 22.43555093]
 [ 21.76352386]
 [ 22.95042644]
 [ 21.24256718]
 [ 23.76359624]
 [ 23.52149657]
 [ 22.74579955]
 [ 22.52309747]
 [ 21.39821034]
 [ 25.073436  ]
 [ 21.98295793]
 [ 20.73041434]
 [ 21.40995384]
 [ 22.47670731]
 [ 21.93824001]
 [ 23.76351517]
 [ 19.96278938]
 [ 21.00389213]
 [ 24.33610501]
 [ 20.211651  ]
 [ 18.81080712]
 [ 21.70252358]
 [ 19.80680982]
 [ 20.9163373 ]
 [ 22.7556707 ]
 [ 18.44770997]
 [ 24.49444314]
 [ 21.42980814]
 [ 22.89750635]
 [ 21.86252299]
 [ 21.50918108]
 [ 22.96966873]
 [ 23.9897884 ]
 [ 21.78566584]
 [ 22.94920279]
 [ 22.23405459]
 [ 23.47405901]
 [ 21.16985635]
 [ 21.94417931]
 [ 21.4990463 ]
 [ 22.82936715]
 [ 17.01916071]
 [ 22.74680547]
 [ 19.52721774]
 [ 19.63669046]
 [ 21.22235718]
 [ 19.49187392]
 [ 20.20586546]
 [ 19.21497943]
 [ 22.41726348]
 [ 20.73905769]
 [ 23.11993831]
 [ 19.81905629]
 [ 20.84548472]
 [ 23.14205034]
 [ 22.07818103]
 [ 20.9910276 ]
 [ 20.07541341]
 [ 21.40641949]
 [ 20.50590199]
 [ 20.61810338]
 [ 19.88372839]
 [ 23.13537645]
 [ 18.80600623]
 [ 20.42075567]
 [ 22.03715577]
 [ 18.17163761]
 [ 20.64305867]
 [ 21.51057061]
 [ 19.93123126]
 [ 19.97378673]
 [ 19.65031394]
 [ 18.17919493]
 [ 21.05635144]
 [ 22.01964304]
 [ 20.44989623]
 [ 20.6153529 ]
 [ 20.05444877]
 [ 20.33106479]
 [ 20.88622911]
 [ 19.4531631 ]
 [ 21.62026582]
 [ 20.06464641]
 [ 21.27087981]
 [ 20.729991  ]
 [ 19.73408703]
 [ 20.72117244]
 [ 21.19512793]
 [ 21.23650355]
 [ 18.61210559]
 [ 19.92732691]
 [ 18.14118124]
 [ 21.16846477]
 [ 19.62182621]
 [ 19.34133688]
 [ 21.24595784]
 [ 18.73077998]
 [ 18.83245493]
 [ 20.43525951]
 [ 20.95933438]
 [ 22.49827073]
 [ 20.51505882]
 [ 22.08588098]
 [ 21.43304067]
 [ 19.8957268 ]
 [ 20.65669723]
 [ 19.88035723]
 [ 19.28265776]
 [ 21.60490241]
 [ 22.0117973 ]
 [ 20.17225993]
 [ 20.65828768]
 [ 23.42937522]
 [ 19.87941644]
 [ 20.75996684]
 [ 23.61399083]
 [ 20.55530705]
 [ 20.54015428]
 [ 19.77541412]
 [ 20.6042198 ]
 [ 20.9209206 ]
 [ 20.37841758]
 [ 20.1153918 ]
 [ 21.14299496]
 [ 21.79943798]
 [ 21.95968925]
 [ 22.31468869]
 [ 21.10184616]
 [ 21.70260031]
 [ 21.88310085]
 [ 21.78100284]
 [ 21.70037412]
 [ 21.4742573 ]
 [ 23.30431316]
 [ 22.23304628]
 [ 22.37016531]
 [ 22.06522023]
 [ 22.13513727]
 [ 23.20353774]
 [ 21.8499552 ]
 [ 21.39908396]
 [ 21.04715089]
 [ 23.74766565]
 [ 20.37380962]
 [ 20.43820778]
 [ 21.47245719]
 [ 21.56792938]
 [ 21.44196156]
 [ 19.86140158]
 [ 21.9115935 ]
 [ 21.4932852 ]
 [ 20.91386152]
 [ 21.7344537 ]
 [ 22.03596757]
 [ 23.9940178 ]
 [ 22.66022043]
 [ 22.00364166]
 [ 24.30236546]
 [ 23.01852309]
 [ 22.72097523]
 [ 22.64942062]
 [ 24.88187476]
 [ 22.93438201]
 [ 21.62688055]
 [ 23.36961374]
 [ 23.59393767]]

The errors:
[[ -4.03349217e+00]
 [ -9.35961628e+00]
 [ -8.31562688e+00]
 [ -1.16734791e+01]
 [ -1.36952398e+01]
 [ -1.34602341e+01]
 [ -1.15880135e+01]
 [ -1.33623246e+01]
 [ -1.27868543e+01]
 [ -1.49133544e+01]
 [ -1.56201746e+01]
 [ -1.13980308e+01]
 [ -1.16895595e+01]
 [ -1.04864508e+01]
 [ -9.28989180e+00]
 [ -5.11199251e+00]
 [ -5.28990668e+00]
 [ -5.63512325e+00]
 [ -4.80011598e+00]
 [  3.38167577e+00]
 [ -1.68155841e+00]
 [ -6.79658556e+00]
 [ -5.78974857e+00]
 [ -1.03082922e+01]
 [ -8.41113667e+00]
 [ -1.37955709e+01]
 [ -7.93011114e+00]
 [ -1.12016999e+01]
 [ -1.44595419e+01]
 [ -8.68113513e+00]
 [ -1.47410086e+01]
 [ -1.39050392e+01]
 [ -9.03112023e+00]
 [ -1.11004991e+01]
 [ -1.05277434e+01]
 [ -7.43020084e+00]
 [ -8.62845423e+00]
 [ -3.20979716e+00]
 [ -5.29295690e+00]
 [ -3.50837692e+00]
 [ -3.50551723e+00]
 [  2.47962658e+00]
 [  3.22600558e-01]
 [ -1.10333746e+01]
 [ -7.17743844e+00]
 [ -1.12976718e+01]
 [ -1.26324310e+01]
 [ -1.19248207e+01]
 [ -1.17126601e+01]
 [ -1.23925900e+01]
 [ -8.65102675e+00]
 [ -1.13491763e+01]
 [ -1.38177556e+01]
 [ -1.33754887e+01]
 [ -1.21033448e+01]
 [ -1.12468726e+01]
 [ -1.13157912e+01]
 [ -8.84109959e+00]
 [ -5.59857448e+00]
 [ -5.05355142e+00]
 [ -6.37054032e+00]
 [ -4.61110269e+00]
 [ -3.46906935e+00]
 [  7.96406025e+00]
 [ -2.85350485e+00]
 [ -1.02044791e+01]
 [ -9.57132032e+00]
 [ -1.13126227e+01]
 [ -1.37876969e+01]
 [ -1.25743850e+01]
 [ -1.31762458e+01]
 [ -1.35409272e+01]
 [ -1.38349481e+01]
 [ -1.51940327e+01]
 [ -1.36518593e+01]
 [ -1.18848982e+01]
 [ -1.19958136e+01]
 [ -9.99150598e+00]
 [ -7.98870893e+00]
 [ -9.18822723e+00]
 [ -6.44429732e+00]
 [ -5.44421988e+00]
 [ -5.13023505e+00]
 [ -4.56984962e+00]
 [  1.17890869e+00]
 [ -1.12499620e+00]
 [ -8.16290401e+00]
 [ -9.70986521e+00]
 [ -9.76359599e+00]
 [ -1.12763993e+01]
 [ -1.31770203e+01]
 [ -1.14767568e+01]
 [ -1.25225667e+01]
 [ -1.23532859e+01]
 [ -1.26831773e+01]
 [ -1.41280448e+01]
 [ -1.23392069e+01]
 [ -1.09132840e+01]
 [ -1.12819787e+01]
 [ -1.13944042e+01]
 [ -8.45109940e+00]
 [ -8.31106043e+00]
 [ -4.97929635e+00]
 [ -4.93107053e+00]
 [ -3.44306326e+00]
 [ -3.77186385e+00]
 [  2.11451729e+00]
 [ -7.80200928e-01]
 [ -7.45442458e+00]
 [ -1.07989673e+01]
 [ -9.99742358e+00]
 [ -1.08313574e+01]
 [ -1.50800582e+01]
 [ -1.03565158e+01]
 [ -1.22007729e+01]
 [ -1.34327087e+01]
 [ -1.42280362e+01]
 [ -1.24501794e+01]
 [ -1.24927100e+01]
 [ -1.15221197e+01]
 [ -9.55966071e+00]
 [ -9.31953358e+00]
 [ -9.18800783e+00]
 [ -7.99765992e+00]
 [ -3.69922462e+00]
 [ -2.78076610e+00]
 [ -4.25687241e+00]
 [ -3.27568815e+00]
 [  3.93479308e+00]
 [ -1.14268334e+00]
 [ -1.08884500e+01]
 [ -1.16706686e+01]
 [ -1.08736453e+01]
 [ -1.14487484e+01]
 [ -6.90674373e+00]
 [ -9.17976865e+00]
 [ -8.62895468e+00]
 [ -6.61567788e+00]
 [ -4.22484312e+00]
 [ -8.09735871e+00]
 [ -4.55863232e+00]
 [ -7.64021904e+00]
 [ -4.71717234e+00]
 [ -5.02435121e+00]
 [ -1.16102426e+00]
 [ -3.22354411e+00]
 [ -4.15626975e+00]
 [ -3.50903183e+00]
 [ -3.05509180e+00]
 [ -3.60516981e+00]
 [ -6.09519611e+00]
 [ -6.35274048e+00]
 [ -9.21199993e+00]
 [ -8.22562471e+00]
 [ -7.65496950e+00]
 [ -9.17227598e+00]
 [ -1.30272828e+01]
 [ -1.38841400e+01]
 [ -1.29998352e+01]
 [ -1.33950328e+01]
 [ -1.29386753e+01]
 [ -1.08955879e+01]
 [ -1.09131956e+01]
 [ -9.65276768e+00]
 [ -8.44757495e+00]
 [ -9.32039173e+00]
 [ -7.87600605e+00]
 [ -8.18074626e+00]
 [ -8.01515342e+00]
 [ -6.20462983e+00]
 [ -5.63511664e+00]
 [ -5.76354149e+00]
 [ -5.56690769e+00]
 [ -6.87322134e+00]
 [ -7.11601271e+00]
 [ -7.77913933e+00]
 [ -7.94092526e+00]
 [ -7.25212206e+00]
 [ -6.96651698e+00]
 [ -9.98023633e+00]
 [ -9.52698516e+00]
 [ -1.14372152e+01]
 [ -1.10761691e+01]
 [ -1.24314343e+01]
 [ -1.36484150e+01]
 [ -1.42935839e+01]
 [ -1.54465216e+01]
 [ -1.30463399e+01]
 [ -1.25985332e+01]
 [ -1.22174814e+01]
 [ -1.09842997e+01]
 [ -8.57470822e+00]
 [ -8.86830943e+00]
 [ -7.89440237e+00]
 [ -7.98373093e+00]
 [ -7.60343503e+00]
 [ -7.82815671e+00]
 [ -7.83124475e+00]
 [ -7.69064637e+00]
 [ -6.53212204e+00]
 [ -6.60083502e+00]
 [ -7.54706935e+00]
 [ -8.61439577e+00]
 [ -9.29190213e+00]
 [ -8.13409452e+00]
 [ -8.83469255e+00]
 [ -9.73628075e+00]
 [ -9.85187269e+00]
 [ -1.06817542e+01]
 [ -1.29333670e+01]
 [ -1.07283642e+01]
 [ -1.26913910e+01]
 [ -1.34521945e+01]
 [ -1.34755375e+01]
 [ -1.10573545e+01]
 [ -1.04096683e+01]
 [ -1.01997870e+01]
 [ -8.30508830e+00]
 [ -8.92921033e+00]
 [ -9.90110482e+00]
 [ -5.96305104e+00]
 [ -7.43046668e+00]
 [ -5.59916566e+00]
 [ -5.69282231e+00]
 [ -6.14790496e+00]
 [ -5.61349254e+00]
 [ -6.97377772e+00]
 [ -4.54132131e+00]
 [ -2.63686666e+00]
 [ -5.68535192e+00]
 [ -5.22814980e+00]
 [ -4.03013996e+00]
 [ -8.78107688e+00]
 [ -8.34806730e+00]
 [ -6.88602257e+00]
 [ -1.01344751e+01]
 [ -1.03871277e+01]
 [ -1.06311398e+01]
 [ -1.25040673e+01]
 [ -1.04623631e+01]
 [ -1.04028666e+01]
 [ -1.23989062e+01]
 [ -9.30595636e+00]
 [ -8.58534853e+00]
 [ -7.49449309e+00]
 [ -7.72461464e+00]
 [ -6.86219768e+00]
 [ -5.77327256e+00]
 [ -5.07286723e+00]
 [ -5.92053618e+00]
 [ -5.24701129e+00]
 [ -6.58517624e+00]
 [ -4.53835818e+00]
 [ -5.04970284e+00]
 [ -5.65747560e+00]
 [ -2.52635414e+00]
 [ -5.40067543e+00]
 [ -5.77836870e+00]
 [ -5.60387504e+00]
 [ -7.21805401e+00]
 [ -7.25720795e+00]
 [ -5.71549503e+00]
 [ -1.03930689e+01]
 [ -7.75703939e+00]
 [ -9.07830364e+00]
 [ -1.14154963e+01]
 [ -9.44794160e+00]
 [ -8.01256200e+00]
 [ -9.79268560e+00]
 [ -7.30867036e+00]
 [ -8.71782209e+00]
 [ -7.02824368e+00]
 [ -6.89155739e+00]
 [ -7.41927679e+00]
 [ -6.34150790e+00]
 [ -6.36029653e+00]
 [ -4.22066256e+00]
 [ -2.48290750e+00]
 [ -4.48270758e+00]
 [ -4.65378564e+00]
 [ -5.48510884e+00]
 [ -5.32239014e+00]
 [ -2.94087982e+00]
 [ -4.31595714e+00]
 [ -6.23225538e+00]
 [ -5.19641610e+00]
 [ -7.84575883e+00]
 [ -6.14469814e+00]
 [ -8.29627789e+00]
 [ -8.12177134e+00]
 [ -1.04078339e+01]
 [ -1.86659982e+01]
 [ -1.75438625e+01]
 [ -1.10393251e+01]
 [ -2.05529967e+01]
 [ -1.83537730e+01]
 [ -1.98542434e+01]
 [ -1.76245544e+01]
 [ -1.91693510e+01]
 [ -1.95324893e+01]
 [ -1.94661754e+01]
 [ -1.70221700e+01]
 [ -1.83859494e+01]
 [ -1.95631901e+01]
 [ -2.04653240e+01]
 [ -1.46831678e+01]
 [ -1.45329983e+01]
 [ -1.46725626e+01]
 [ -1.71029936e+01]
 [ -1.61935021e+01]
 [ -1.73273999e+01]
 [ -1.58217923e+01]
 [ -1.54684169e+01]
 [ -1.65546804e+01]
 [ -1.48039949e+01]
 [ -1.36325574e+01]
 [ -1.27406403e+01]
 [ -1.33433251e+01]
 [ -1.97794059e+01]
 [ -1.74104449e+01]
 [ -1.27915118e+01]
 [ -2.09114634e+01]
 [ -1.85867135e+01]
 [ -2.04102429e+01]
 [ -1.82535669e+01]
 [ -1.88901282e+01]
 [ -2.05054029e+01]
 [ -1.81576068e+01]
 [ -1.82946992e+01]
 [ -1.87163776e+01]
 [ -1.92118994e+01]
 [ -1.98403393e+01]
 [ -1.71833353e+01]
 [ -1.71248821e+01]
 [ -1.54245723e+01]
 [ -1.65793055e+01]
 [ -1.60495250e+01]
 [ -1.77947500e+01]
 [ -1.63104094e+01]
 [ -1.59264422e+01]
 [ -1.62173228e+01]
 [ -1.58519752e+01]
 [ -1.38704552e+01]
 [ -1.51709067e+01]
 [ -1.40514602e+01]
 [ -1.30301772e+01]
 [ -1.81148129e+01]
 [ -1.72039194e+01]
 [ -1.64466903e+01]
 [ -2.03531573e+01]
 [ -1.81667571e+01]
 [ -2.03477149e+01]
 [ -1.75847985e+01]
 [ -1.90750891e+01]
 [ -2.01614310e+01]
 [ -2.03617246e+01]
 [ -1.79103503e+01]
 [ -1.93870819e+01]
 [ -1.99308017e+01]
 [ -1.85654680e+01]
 [ -1.69332549e+01]
 [ -1.68658081e+01]
 [ -1.61737899e+01]
 [ -1.62924880e+01]
 [ -1.70293400e+01]
 [ -1.56968973e+01]
 [ -1.61878154e+01]
 [ -1.43538770e+01]
 [ -1.64580868e+01]
 [ -1.56390825e+01]
 [ -1.44765062e+01]
 [ -1.22406285e+01]
 [ -1.35160230e+01]
 [ -1.32704638e+01]
 [ -1.90324031e+01]
 [ -1.62035210e+01]
 [ -1.74207490e+01]
 [ -1.88773016e+01]
 [ -1.89634152e+01]
 [ -2.04829595e+01]
 [ -2.03244447e+01]
 [ -1.99109637e+01]
 [ -1.91517532e+01]
 [ -1.91372583e+01]
 [ -1.91059441e+01]
 [ -1.83376228e+01]
 [ -1.74570975e+01]
 [ -1.92132952e+01]
 [ -1.73066257e+01]
 [ -1.79050062e+01]
 [ -1.50948014e+01]
 [ -1.68233859e+01]
 [ -1.78613469e+01]
 [ -1.67626994e+01]
 [ -1.78815143e+01]
 [ -1.45600709e+01]
 [ -1.31117356e+01]
 [ -1.46122020e+01]
 [ -1.54453834e+01]
 [ -1.39105506e+01]
 [ -1.64766110e+01]
 [ -1.49341663e+01]
 [ -1.52770399e+01]
 [ -1.71620555e+01]
 [ -1.76463905e+01]
 [ -1.84855032e+01]
 [ -1.50317593e+01]
 [ -1.87850130e+01]
 [ -1.83704338e+01]
 [ -1.81370683e+01]
 [ -2.00025135e+01]
 [ -1.86397192e+01]
 [ -1.66246888e+01]
 [ -1.69048036e+01]
 [ -1.74913921e+01]
 [ -1.61054825e+01]
 [ -1.69443458e+01]
 [ -1.50108960e+01]
 [ -1.50095808e+01]
 [ -1.42766609e+01]
 [ -1.58493929e+01]
 [ -1.44703206e+01]
 [ -1.60880091e+01]
 [ -1.48758817e+01]
 [ -1.19528723e+01]
 [ -1.40784081e+01]
 [ -1.24788266e+01]
 [ -1.24602680e+01]
 [ -1.64936318e+01]
 [ -1.56687489e+01]
 [ -1.49508142e+01]
 [ -1.88421764e+01]
 [ -1.77958344e+01]
 [ -1.89700670e+01]
 [ -1.79562961e+01]
 [ -1.74404347e+01]
 [ -1.82831425e+01]
 [ -1.78976751e+01]
 [ -1.85857765e+01]
 [ -1.82293687e+01]
 [ -1.77476749e+01]
 [ -1.55246104e+01]
 [ -1.60371424e+01]
 [ -1.73274520e+01]
 [ -1.47459473e+01]
 [ -1.41895979e+01]
 [ -1.49945541e+01]
 [ -1.56830254e+01]
 [ -1.72975553e+01]
 [ -1.51236906e+01]
 [ -1.42556192e+01]
 [ -1.38124314e+01]
 [ -9.70121447e+00]
 [ -1.25358461e+01]
 [ -1.25487876e+01]
 [ -1.01129111e+01]
 [  2.04140625e+00]
 [  2.74279111e+00]
 [  3.78023314e+00]
 [  2.70270769e+00]
 [  2.36845090e+00]
 [  3.74945752e+00]
 [  1.90999923e+00]
 [  2.30943000e+00]
 [  1.93093947e+00]
 [  6.96428308e-01]
 [  9.33078177e-01]
 [ -4.34958881e-01]
 [  2.95501179e+00]
 [  2.09589038e-01]
 [  1.76075902e+00]
 [  4.17909053e+00]
 [  1.71836646e-01]
 [  3.57753104e+00]
 [ -2.55625276e-01]
 [  3.93263356e+00]
 [  6.04097988e-01]
 [  2.28996533e+00]
 [  2.50563019e+00]
 [ -1.79682692e+00]
 [  5.87879842e+00]
 [  5.38792092e-01]
 [ -2.45602438e-01]
 [  1.63037786e+00]
 [  4.31837473e+00]
 [  2.11108773e+00]
 [  8.29351108e-01]
 [  1.26237579e+00]
 [  8.27394906e-01]
 [  1.61422355e-01]
 [ -1.07400712e+00]
 [  1.33090321e+00]
 [ -4.73955351e-01]
 [  2.23743952e+00]
 [  2.32566135e+00]
 [  3.93765906e+00]
 [  6.67423872e-01]
 [  1.15690949e+00]
 [  1.93964432e+00]
 [  4.96438760e+00]
 [  1.43578052e+00]
 [  3.18624743e+00]
 [  1.23599564e+00]
 [  4.10656751e+00]
 [  2.11978895e+00]
 [  3.91602843e+00]
 [  2.23058897e+00]
 [  3.75742247e+00]
 [  1.27045878e+00]
 [  4.52119729e+00]
 [  2.20373229e+00]
 [  1.98715506e+00]
 [  1.79376162e+00]
 [  1.97523931e+00]
 [  1.16429751e+00]
 [  2.06655265e-01]
 [  9.88190529e-01]
 [ -1.58238012e+00]
 [  2.50684721e-01]
 [  7.39020936e-01]
 [  1.94955013e+00]
 [ -1.14098367e+00]
 [ -9.44322780e-01]
 [ -6.06148614e-03]
 [  7.76346582e-01]
 [ -3.38778440e-01]
 [ -2.25983940e-01]
 [  8.59919251e-01]
 [  9.54178316e-01]
 [  2.30507478e+00]
 [  2.30443742e+00]
 [  2.47950575e+00]
 [  2.64465685e+00]
 [  1.99545072e+00]
 [  2.53239853e+00]
 [  2.81033167e+00]
 [ -1.70838704e-01]
 [  3.20491227e+00]
 [  3.82219268e+00]
 [  2.45746357e+00]
 [  1.30057311e+00]
 [ -2.31109001e+00]
 [ -8.13624781e-01]
 [  6.39208765e-01]
 [  8.83368224e-02]
 [  3.81743951e-01]
 [ -1.65236498e+00]
 [ -5.64840490e-01]
 [  3.11946732e+00]
 [  5.03915330e+00]
 [  3.84671441e+00]
 [ -1.27869817e+00]
 [  1.66427361e+00]
 [  8.74168714e-01]
 [ -3.48532721e-01]
 [  2.31503062e+00]
 [  4.49281983e+00]
 [  3.92986290e+00]
 [  4.38102016e+00]
 [  5.03933945e+00]
 [  1.77104602e+00]
 [  1.24473888e+00]
 [  3.26947460e+00]
 [  3.07903861e+00]
 [  2.10019560e+00]
 [ -1.85420646e-01]
 [  4.59107527e-01]
 [  3.87841600e+00]
 [  4.65933882e+00]
 [ -5.89146544e-01]
 [  3.74964876e+00]
 [  3.02286530e+00]
 [  4.45454803e+00]
 [  3.73963566e+00]
 [  3.21703023e+00]
 [  5.07081491e+00]
 [  2.71984473e+00]
 [  2.66961383e+00]
 [  1.85541530e+00]
 [  4.69294852e+00]
 [  7.36546319e+00]
 [  3.64121947e+00]
 [  5.89403580e+00]
 [  6.51696356e+00]
 [  2.23592818e+00]
 [  4.82725970e+00]
 [  2.94879788e+00]
 [  4.31572167e+00]
 [  6.23988757e+00]
 [  3.43186432e+00]
 [  3.05353232e+00]
 [  4.03266789e+00]
 [  1.20963238e+00]
 [  2.51436822e+00]
 [  3.78228880e+00]
 [  4.74441998e+00]
 [  3.12835961e+00]
 [  4.70569116e+00]
 [  6.10414530e+00]
 [  3.32103211e+00]
 [  5.17546987e+00]
 [  3.40565966e+00]
 [  2.26387191e+00]
 [  4.33170322e+00]
 [  4.92482312e+00]
 [ -4.99098372e+00]
 [ -4.90409984e+00]
 [ -5.99362545e+00]
 [ -4.35891792e+00]
 [ -3.03835488e+00]
 [ -6.52118443e+00]
 [ -5.10673734e+00]
 [ -7.91026974e+00]
 [ -5.77271421e+00]
 [ -7.11322931e+00]
 [ -8.91289437e+00]
 [ -1.91480579e+01]
 [ -1.03629011e+01]
 [ -1.21399524e+01]
 [ -9.39624600e+00]
 [ -9.79942493e+00]
 [ -1.57749578e+01]
 [ -1.64294980e+01]
 [ -2.18664089e+01]
 [ -1.33110671e+01]
 [ -1.23726465e+01]
 [ -1.01875145e+01]
 [ -1.50842961e+01]
 [ -1.34400311e+01]
 [ -4.81085352e+00]
 [ -5.98957162e+00]
 [ -6.71865586e+00]
 [ -5.54885023e+00]
 [ -6.45981289e+00]
 [ -7.54128146e+00]
 [ -7.47619133e+00]
 [ -9.04056684e+00]
 [ -7.54077625e+00]
 [ -8.65312050e+00]
 [ -9.36597657e+00]
 [ -8.63523906e+00]
 [ -1.00023331e+01]
 [ -9.27328383e+00]
 [ -1.11205044e+01]
 [ -1.11043829e+01]
 [ -1.29148411e+01]
 [ -1.29037484e+01]
 [ -9.74809108e+00]
 [ -1.46225324e+01]
 [ -1.03871201e+01]
 [ -1.26555140e+01]
 [ -1.44522213e+01]
 [ -1.39426535e+01]
 [ -5.18608091e+00]
 [ -5.70935494e+00]
 [ -5.60409711e+00]
 [ -6.61459661e+00]
 [ -7.55848608e+00]
 [ -7.44351197e+00]
 [ -7.77830662e+00]
 [ -8.40648038e+00]
 [ -7.72369728e+00]
 [ -8.53484130e+00]
 [ -9.52924492e+00]
 [ -9.02249776e+00]
 [ -7.36827149e+00]
 [ -6.68706506e+00]
 [ -8.28566364e+00]
 [ -1.06155688e+01]
 [ -1.44696398e+01]
 [ -1.33189751e+01]
 [ -8.57817854e+00]
 [ -1.18704026e+01]
 [ -1.31830780e+01]
 [ -1.31540469e+01]
 [ -1.20059851e+01]
 [ -1.12929247e+01]
 [ -1.01928105e+01]
 [ -4.53324803e+00]
 [ -4.89427965e+00]
 [ -6.22296101e+00]
 [ -6.12910115e+00]
 [ -7.97571852e+00]
 [ -4.75726577e+00]
 [ -8.20738470e+00]
 [ -6.77313852e+00]
 [ -8.67943066e+00]
 [ -6.82272584e+00]
 [ -1.40779548e+01]
 [ -1.14498887e+01]
 [ -6.80395654e+00]
 [ -1.66180621e+01]
 [ -1.01366543e+01]
 [ -1.69483664e+01]
 [ -1.42593798e+01]
 [ -1.17604421e+01]
 [ -1.51093529e+01]
 [ -1.93604197e+01]
 [ -1.33436306e+01]
 [ -1.39787174e+01]
 [ -3.02459065e+00]
 [ -3.59191621e+00]
 [ -4.54970585e+00]
 [ -3.84652340e+00]
 [ -5.14935921e+00]
 [ -6.84207245e+00]
 [ -6.65704450e+00]
 [ -6.01692663e+00]
 [ -6.24568058e+00]
 [ -8.11162954e+00]
 [ -6.74016671e+00]
 [ -7.74479802e+00]
 [ -7.40888091e+00]
 [ -7.42291840e+00]
 [ -1.04463250e+01]
 [ -8.96776324e+00]
 [ -1.42248827e+01]
 [ -1.17794204e+01]
 [ -9.85154098e+00]
 [ -1.17020100e+01]
 [ -1.06169969e+01]
 [ -1.07980348e+01]
 [ -1.17578104e+01]
 [ -1.29567954e+01]
 [ -1.45539327e+00]
 [ -3.13066690e+00]
 [ -3.72764856e+00]
 [ -7.64420544e+00]
 [ -3.66984393e+00]
 [ -5.98359077e+00]
 [ -5.91509786e+00]
 [ -5.95049287e+00]
 [ -6.15544907e+00]
 [ -7.29247614e+00]
 [ -6.55957356e+00]
 [ -8.72843282e+00]
 [ -6.66740376e+00]
 [ -7.37050343e+00]
 [ -8.49720045e+00]
 [ -9.10390253e+00]
 [ -1.06077897e+01]
 [ -7.17456400e+00]
 [ -1.04890421e+01]
 [ -1.20465857e+01]
 [ -1.16740462e+01]
 [ -1.09602927e+01]
 [ -1.17647600e+01]
 [ -1.03004848e+01]
 [  2.37789383e-01]
 [  9.77892128e-01]
 [  3.71010501e+00]
 [ -8.66349003e-01]
 [ -2.72219288e+00]
 [ -2.74476416e-01]
 [ -2.63019018e+00]
 [ -1.96366270e+00]
 [ -5.83329301e-01]
 [ -5.34329003e+00]
 [  2.52443139e-01]
 [ -3.71719186e+00]
 [ -2.70049365e+00]
 [ -4.09947701e+00]
 [ -3.94281892e+00]
 [ -2.05933127e+00]
 [ -4.12211602e-01]
 [ -2.19333416e+00]
 [ -5.32797212e-01]
 [ -6.73945407e-01]
 [  9.89059006e-01]
 [ -8.18143651e-01]
 [  4.48179308e-01]
 [  4.92046297e-01]
 [  2.31636715e+00]
 [ -2.70583929e+00]
 [  2.72080547e+00]
 [ -1.09978226e+00]
 [ -1.44130954e+00]
 [ -3.10642817e-01]
 [ -2.48512608e+00]
 [ -2.23113454e+00]
 [ -3.66502057e+00]
 [ -9.21736519e-01]
 [ -3.05194231e+00]
 [ -1.12206169e+00]
 [ -5.32794371e+00]
 [ -4.75251528e+00]
 [ -2.81994966e+00]
 [ -3.37381897e+00]
 [ -4.03797240e+00]
 [ -4.32658659e+00]
 [ -2.57258051e+00]
 [ -2.97609801e+00]
 [ -2.28989662e+00]
 [ -2.60127161e+00]
 [  1.14737645e+00]
 [ -2.68899377e+00]
 [ -5.86244328e-01]
 [  1.52415577e+00]
 [ -1.55336239e+00]
 [  6.17058673e-01]
 [  8.83570611e-01]
 [ -1.14676874e+00]
 [ -1.55921327e+00]
 [ -2.32668606e+00]
 [ -4.25780507e+00]
 [ -1.82364856e+00]
 [ -1.31935696e+00]
 [ -3.34110377e+00]
 [ -3.62664710e+00]
 [ -5.09255123e+00]
 [ -5.26693521e+00]
 [ -5.07577089e+00]
 [ -5.99883690e+00]
 [ -3.40873418e+00]
 [ -4.33735359e+00]
 [ -2.70812019e+00]
 [ -2.75200900e+00]
 [ -3.17391297e+00]
 [ -1.76382756e+00]
 [ -7.92872067e-01]
 [ -2.58496447e-01]
 [ -2.39489441e+00]
 [ -5.85673092e-01]
 [ -1.58381876e+00]
 [  1.14246477e+00]
 [ -1.00517379e+00]
 [ -1.73666312e+00]
 [ -2.87042158e-01]
 [ -3.24622002e+00]
 [ -3.60454507e+00]
 [ -2.44474049e+00]
 [ -2.37966562e+00]
 [ -1.29272927e+00]
 [ -3.72694118e+00]
 [ -3.06111902e+00]
 [ -4.16495933e+00]
 [ -6.06627320e+00]
 [ -4.79530277e+00]
 [ -5.14864277e+00]
 [ -5.11934224e+00]
 [ -2.37409759e+00]
 [ -1.47020270e+00]
 [ -2.73574007e+00]
 [ -1.82671232e+00]
 [  1.44137522e+00]
 [ -1.61558356e+00]
 [ -2.47033160e-01]
 [  3.10099083e+00]
 [  8.30307049e-01]
 [  5.14154280e-01]
 [ -8.51585880e-01]
 [ -4.73780198e-01]
 [ -6.12079401e-01]
 [ -1.59858242e+00]
 [ -2.32160820e+00]
 [ -1.73700504e+00]
 [ -1.53956202e+00]
 [ -1.83131075e+00]
 [ -1.92731131e+00]
 [ -4.04515384e+00]
 [ -3.89539969e+00]
 [ -4.07889915e+00]
 [ -3.67099716e+00]
 [ -3.32862588e+00]
 [ -2.92774270e+00]
 [ -6.74686838e-01]
 [ -1.24895372e+00]
 [ -5.37834694e-01]
 [ -4.19779773e-01]
 [  1.47137273e-01]
 [  1.70853774e+00]
 [  8.42955199e-01]
 [  8.86083960e-01]
 [  1.32215089e+00]
 [  3.72166565e+00]
 [ -2.53190381e-01]
 [ -6.39792219e-01]
 [ -6.05428069e-02]
 [ -4.09070624e-01]
 [ -9.95038437e-01]
 [ -3.01859842e+00]
 [ -1.42740650e+00]
 [ -2.29771480e+00]
 [ -3.32813848e+00]
 [ -3.41254630e+00]
 [ -3.56203243e+00]
 [ -1.96698220e+00]
 [ -2.79177957e+00]
 [ -3.02535834e+00]
 [ -9.86345405e-02]
 [ -9.60476909e-01]
 [ -7.61024765e-01]
 [ -2.58579379e-01]
 [  2.39687476e+00]
 [  9.46382009e-01]
 [  1.31880548e-01]
 [  2.36261374e+00]
 [  3.08093767e+00]]

The RMSE(root mean squared error) is:
9.88826554934
