---results---

The params:
[[ -1.05446886e+01]
 [  6.68829004e-01]
 [ -1.05446770e+01]
 [  1.96534429e-02]
 [ -7.36140326e+02]
 [  5.86772864e+04]
 [ -1.25138719e+04]
 [  2.68630332e+02]
 [  4.81351159e+03]
 [  1.65961461e+02]
 [ -7.99339852e+00]
 [ -3.91989690e+04]
 [ -7.11217171e+01]
 [ -7.61532322e+01]
 [  1.30319774e+04]
 [ -8.03772453e+01]
 [ -1.42473061e-01]
 [  1.16318781e+01]
 [ -9.52758686e+00]
 [ -1.37888096e+01]]

The regress value of test data:
[[ -1.95832045e-01]
 [ -2.47448044e+00]
 [ -5.22662241e-01]
 [ -3.40828942e-01]
 [ -1.90260950e+00]
 [ -1.02042858e+00]
 [ -2.18199065e+00]
 [ -9.85203996e-01]
 [ -2.14482631e+00]
 [ -4.15547162e-02]
 [ -1.16514918e+00]
 [ -4.68513902e-01]
 [  6.51857934e-02]
 [  4.70164965e-01]
 [  1.03294949e+00]
 [  2.47785986e+00]
 [  6.70310440e-01]
 [ -4.55566006e+00]
 [ -4.65811198e+00]
 [ -2.80016883e+00]
 [ -2.91942934e+00]
 [ -1.88636969e+00]
 [ -2.74544788e+00]
 [ -1.58253110e+00]
 [ -2.73992825e+00]
 [ -1.27889031e+00]
 [ -1.74158435e+00]
 [ -2.17549432e+00]
 [ -1.51817681e-01]
 [ -3.57212047e-01]
 [  1.15459204e+00]
 [ -9.14932856e-02]
 [  1.11985487e+00]
 [  2.80102040e+00]
 [ -4.29486979e+00]
 [ -3.52741207e+00]
 [ -2.60415923e+00]
 [ -1.59223353e+00]
 [ -4.19835693e+00]
 [ -2.93667245e+00]
 [ -1.70079875e+00]
 [ -3.44878945e+00]
 [ -8.53316964e-01]
 [ -1.98196268e+00]
 [ -8.74306165e-01]
 [ -1.05083997e+00]
 [ -3.21018761e-01]
 [ -1.36296658e+00]
 [ -6.63942911e-01]
 [  8.61986942e-01]
 [  1.52818984e+00]
 [ -2.62799130e+00]
 [ -1.85425722e+00]
 [ -3.50758955e+00]
 [ -1.10924167e+00]
 [ -3.30414414e+00]
 [ -4.68466023e+00]
 [ -1.71580384e+00]
 [ -3.69851327e-02]
 [ -1.58719229e+00]
 [ -2.03510135e+00]
 [ -6.56500845e-01]
 [ -2.02621345e-01]
 [ -1.22424013e+00]
 [  3.22525558e+00]
 [  1.74788722e+00]
 [  7.62206317e-01]
 [  1.69172872e+00]
 [ -3.14071802e+00]
 [ -1.09234492e+00]
 [ -1.53140074e+00]
 [ -2.54231859e+00]
 [ -2.94524144e+00]
 [  1.72290971e-01]
 [  1.16556713e+00]
 [  1.30632123e+00]
 [ -1.21387638e+00]
 [ -1.44674671e-01]
 [  2.97916874e+00]
 [  3.18771712e+00]
 [  3.05190537e+00]
 [  1.80791358e+00]
 [  1.70207983e+00]
 [  2.39946522e+00]
 [  2.24751128e+00]
 [ -1.37576852e+00]
 [ -1.60724090e+00]
 [ -3.27825557e+00]
 [ -1.81516840e+00]
 [ -1.47363631e+00]
 [ -9.09698964e-01]
 [  8.05613123e-01]
 [ -7.27981537e-01]
 [  9.19416460e-01]
 [  7.08933016e-01]
 [  1.07828103e+00]
 [  1.99198839e+00]
 [  1.91328324e+00]
 [  1.58969719e+00]
 [  1.67565682e+00]
 [  1.91557880e+00]
 [  1.83704841e+01]
 [  1.67586393e+01]
 [  1.57631762e+01]
 [  1.70304440e+01]
 [  1.69986180e+01]
 [  1.71856513e+01]
 [  1.77297508e+01]
 [  1.70092459e+01]
 [  1.60806689e+01]
 [  1.94306821e+01]
 [  1.98370017e+01]
 [  1.71908025e+01]
 [  1.85922144e+01]
 [  1.76363277e+01]
 [  1.81410867e+01]
 [  1.63740729e+01]
 [  1.86285510e+01]
 [  1.68040012e+01]
 [  1.79221444e+01]
 [  1.37021527e+01]
 [  2.01460408e+01]
 [  1.92294127e+01]
 [  1.93342302e+01]
 [  1.44792286e+01]
 [  1.48135411e+01]
 [  1.84527946e+01]
 [  1.76172640e+01]
 [  1.87625131e+01]
 [  1.68249501e+01]
 [  1.73934250e+01]
 [  1.77950918e+01]
 [  1.42758138e+01]
 [  1.82531584e+01]
 [  1.71134627e+01]
 [  1.61394794e+01]
 [  1.81075478e+01]
 [  1.85331353e+01]
 [  1.63493913e+01]
 [  1.87562196e+01]
 [  1.67687580e+01]
 [  2.10542809e+01]
 [  1.04397720e+01]
 [  1.94533551e+01]
 [  1.84085227e+01]
 [  2.09426525e+01]
 [  1.71051700e+01]
 [  1.47160995e+01]
 [  1.52083312e+01]
 [  1.87557075e+01]
 [  1.64202530e+01]
 [  1.85960801e+01]
 [  1.65700930e+01]
 [  1.80540982e+01]
 [  1.50972878e+01]
 [  1.75769769e+01]
 [  1.78050058e+01]
 [  2.02039172e+01]
 [  1.88743677e+01]
 [  2.02009187e+01]
 [  1.62341068e+01]
 [  1.60243084e+01]
 [  2.19773187e+01]
 [  2.01756308e+01]
 [  2.08926614e+01]
 [  2.04183179e+01]
 [  2.16917918e+01]
 [  1.73527294e+01]
 [  2.21338997e+01]
 [  1.63139159e+01]
 [  1.62075563e+01]
 [  1.55590797e+01]
 [  1.63496769e+01]
 [  1.59623841e+01]
 [  1.76698008e+01]
 [  1.70330137e+01]
 [  1.78407055e+01]
 [  1.64970584e+01]
 [  1.91982884e+01]
 [  1.52225255e+01]
 [  1.40326614e+01]
 [  1.70205657e+01]
 [  1.82833080e+01]
 [  1.82518194e+01]
 [  1.43865786e+01]
 [  1.91496623e+01]
 [  1.92165117e+01]
 [  1.42631470e+01]
 [  1.95397613e+01]
 [  1.30857977e+01]
 [  2.26784675e+01]
 [  1.70912362e+01]
 [  1.32278554e+01]
 [  1.61324682e+01]
 [  1.54671041e+01]
 [  1.46898341e+01]
 [  1.56910759e+01]
 [  1.79943020e+01]
 [  1.33424081e+01]
 [  1.61803474e+01]
 [  1.54601449e+01]
 [  1.21859865e+01]
 [  1.78385761e+01]
 [  1.93108800e+01]
 [  1.84255939e+01]
 [  1.79004469e+01]
 [  1.73629991e+01]
 [  1.61059660e+01]
 [  1.97772238e+01]
 [  1.96179693e+01]
 [  1.90336488e+01]
 [  2.10402684e+01]
 [  2.11796252e+01]
 [  1.74318528e+01]
 [  1.60898547e+01]
 [  1.55427890e+01]
 [  1.66353022e+01]
 [  1.66918277e+01]
 [  1.69811965e+01]
 [  1.30486673e+01]
 [  1.64768951e+01]
 [  1.51069136e+01]
 [  1.45855857e+01]
 [  1.40207626e+01]
 [  1.87560018e+01]
 [  1.73131378e+01]
 [  1.89125181e+01]
 [  1.65354466e+01]
 [  1.47132096e+01]
 [  1.82827032e+01]
 [  1.98380166e+01]
 [  2.03146771e+01]
 [  1.96524115e+01]
 [  2.00065100e+01]
 [  1.99650172e+01]
 [  1.71744013e+01]
 [  2.70833778e+01]
 [  1.85040002e+00]
 [ -6.92613574e-01]
 [  6.31277540e-01]
 [ -1.11849572e+01]
 [  1.21708500e+01]
 [  4.68146496e+00]
 [  7.45839179e+00]
 [  2.55476132e+00]
 [  1.36465315e+00]
 [  2.89702263e+00]
 [ -5.16801680e+00]
 [  1.18989748e+01]
 [  3.61848087e+00]
 [ -1.01795148e+01]
 [ -1.82594014e+01]
 [ -1.32904197e+01]
 [  2.04458007e+00]
 [ -5.13492379e+00]
 [  4.77817577e+00]
 [ -2.32492152e+00]
 [ -5.02159546e+00]
 [ -7.95540660e+00]
 [  1.47907818e+01]
 [ -2.88398181e+00]
 [  1.30357762e+01]
 [  1.41520416e+01]
 [ -2.46346159e+00]
 [  6.27015344e+00]
 [  1.14359875e+01]
 [ -1.42151216e+01]
 [  6.90838294e+00]
 [  1.67401217e+00]
 [ -2.14881472e+00]
 [  1.40088841e+01]
 [ -7.97011322e+00]
 [  8.10145877e+00]
 [ -8.34653954e+00]
 [  5.78189280e-01]
 [  5.78916355e+00]
 [ -3.14796338e-01]
 [ -1.83387114e+01]
 [ -8.32487189e+00]
 [  4.44536921e+00]
 [ -2.82737471e+00]
 [ -2.22363016e+01]
 [  1.02571282e+00]
 [ -2.59672975e+00]
 [  5.90465365e+00]
 [  6.01772205e+00]
 [ -9.37850900e-01]
 [  1.31239119e+01]
 [  8.27687913e+00]
 [ -1.36757487e+01]
 [  1.46553432e+01]
 [  8.99851136e-01]
 [ -1.83328226e+01]
 [ -1.74277561e+00]
 [  3.38097851e+00]
 [  5.59313874e+00]
 [ -1.18639196e+01]
 [ -1.93212657e+01]
 [ -7.01959662e+00]
 [ -2.61405370e+00]
 [  5.45157924e+00]
 [ -3.66019800e+00]
 [ -6.66462397e+00]
 [  7.05889770e+00]
 [  5.26082567e+00]
 [  1.02469198e+01]
 [  1.18992573e+01]
 [ -4.10575903e+00]
 [  8.55081484e+00]
 [  7.71793397e+00]
 [  8.86099942e+00]
 [  1.75016459e+01]
 [  5.98034582e+00]
 [ -2.33400141e+00]
 [  1.11331119e+01]
 [  1.19877546e+01]
 [  1.63842590e+01]
 [ -3.89653658e+00]
 [ -1.31464988e+00]
 [  1.44701445e+01]
 [  7.10266106e+00]
 [ -1.89482352e+00]
 [ -5.44405099e-01]
 [ -5.74488126e+00]
 [  9.07136538e+00]
 [  1.40333881e+01]
 [  1.01530373e+01]
 [  4.88300334e+00]
 [ -7.25506708e+00]
 [  6.38873117e-01]
 [ -4.16439912e+00]
 [  5.46337657e+00]
 [ -1.68830437e+01]
 [ -1.61082170e+00]
 [ -1.10899218e+00]
 [ -1.86797505e-01]
 [ -5.44199635e+00]
 [ -8.16364097e+00]
 [  6.28767604e+00]
 [ -6.61580845e+00]
 [  2.30037606e+00]
 [ -1.35152582e+01]
 [  1.34165575e+01]
 [ -5.02062560e+00]
 [  4.44658924e+00]
 [  5.64773940e+00]
 [ -2.69908888e+00]
 [ -1.12505596e+01]
 [ -1.00910120e+01]
 [  1.11585441e+01]
 [  3.58086264e+00]
 [ -4.12775474e+00]
 [ -6.04195827e-01]
 [  9.25973592e+00]
 [ -3.16777957e+00]
 [  1.12282942e+01]
 [  7.06857510e+00]
 [  1.25650440e+00]
 [ -8.52205933e+00]
 [  2.93226694e+00]
 [  1.11238671e+01]
 [ -1.03512558e+01]
 [ -6.60820199e-01]
 [  1.15226075e+01]
 [  1.55718621e+01]
 [  7.83682918e+00]
 [ -3.82054737e+00]
 [ -7.46465274e+00]
 [  8.16065507e+00]
 [  1.13489783e+01]
 [  9.96763989e+00]
 [  1.24136097e+01]
 [  1.37119088e+01]
 [  9.52255638e+00]
 [  1.09456949e+01]
 [  1.36505946e+01]
 [  1.15064863e+01]
 [  1.14523991e+01]
 [  1.73579592e+01]
 [  1.10544107e+01]
 [  1.40786696e+01]
 [  1.37307128e+01]
 [  1.35209852e+01]
 [  1.29845558e+01]
 [  1.39167105e+01]
 [  1.56148309e+01]
 [  1.26949010e+01]
 [  1.39691981e+01]
 [  1.66844189e+01]
 [ -1.11552875e+01]
 [  1.07176450e+01]
 [  5.30430550e+00]
 [  1.15350112e+01]
 [  6.10725994e+00]
 [  1.04712279e+01]
 [  1.05322213e+01]
 [  1.27719291e+01]
 [  1.00765635e+01]
 [  1.23310200e+01]
 [  1.02113926e+01]
 [  1.34783052e+01]
 [  1.62860288e+01]
 [  1.41112758e+01]
 [  1.26371852e+01]
 [  1.33434685e+01]
 [  9.54569940e+00]
 [  1.35365785e+01]
 [  1.20937447e+01]
 [  1.34145288e+01]
 [  1.65257036e+01]
 [  1.53025744e+01]
 [  1.38085499e+01]
 [ -4.60932019e-01]
 [  3.61515859e+00]
 [  4.71580003e-01]
 [  1.57656182e+01]
 [  1.09936382e+01]
 [  1.19369480e+01]
 [  1.15854982e+01]
 [  1.21491985e+01]
 [ -4.42514209e+00]
 [  1.31006520e+01]
 [  1.22161283e+01]
 [  1.27310761e+01]
 [  1.73916237e+01]
 [  1.23348432e+01]
 [  1.25038916e+01]
 [  1.29232786e+01]
 [  1.43355921e+01]
 [  1.32261461e+01]
 [  1.30695900e+01]
 [  1.28489336e+01]
 [  1.35079930e+01]
 [  1.39819334e+01]
 [  1.46547362e+01]
 [ -9.97845430e-01]
 [  9.81393352e+00]
 [  8.72190007e+00]
 [  1.25085479e+01]
 [ -5.31766149e+00]
 [  1.16111030e+01]
 [  1.31226464e+01]
 [  1.11746152e+01]
 [ -3.50315506e+00]
 [  1.30749455e+01]
 [  1.31612776e+01]
 [  1.47528215e+01]
 [  1.41004991e+01]
 [  1.35128939e+01]
 [  1.38372216e+01]
 [  1.36963363e+01]
 [  1.30251600e+01]
 [  1.67411022e+01]
 [  1.30388489e+01]
 [  1.34291259e+01]
 [  1.25894523e+01]
 [  1.43814325e+01]
 [  1.34181972e+01]
 [  3.42803081e+00]
 [  9.28124377e+00]
 [  3.42098744e+00]
 [  1.29662704e+01]
 [  1.26794856e+01]
 [  1.10109550e+01]
 [  1.28123759e+01]
 [  1.36413637e+01]
 [  1.14026190e+01]
 [  1.37283021e+01]
 [  1.25794020e+01]
 [  1.20627016e+01]
 [  1.35343039e+01]
 [  1.29578764e+01]
 [  1.37595648e+01]
 [  1.41751620e+01]
 [  1.34297253e+01]
 [  1.33256233e+01]
 [  1.31861420e+01]
 [  1.43939544e+01]
 [  1.39964475e+01]
 [  1.51271107e+01]
 [  1.41555331e+01]
 [  1.07236143e+01]
 [  1.02406438e+00]
 [  1.01684405e+01]
 [  3.74292220e-01]
 [  1.19583025e+01]
 [  1.14872439e+01]
 [  1.33721408e+01]
 [  1.17137149e+01]
 [  1.24742198e+01]
 [  1.12462598e+01]
 [  1.19440010e+01]
 [  1.45694250e+01]
 [  1.26255313e+01]
 [  1.30718111e+01]
 [  1.20242950e+01]
 [  1.20747720e+01]
 [  1.32599914e+01]
 [  1.31358298e+01]
 [  1.38957267e+01]
 [  1.37645705e+01]
 [  1.31764392e+01]
 [  1.34306475e+01]
 [  1.54088122e+01]
 [  1.57659782e+01]
 [  3.40449870e+01]
 [  2.97159643e+01]
 [  2.96136614e+01]
 [  3.24213698e+01]
 [  3.11143935e+01]
 [  3.18896346e+01]
 [  3.51349516e+01]
 [  2.93604150e+01]
 [  3.15425719e+01]
 [  3.39530663e+01]
 [  3.39868399e+01]
 [  3.38178274e+01]
 [  2.91847935e+01]
 [  3.31704800e+01]
 [  3.33003782e+01]
 [  3.37062918e+01]
 [  3.58205825e+01]
 [  3.38629565e+01]
 [  3.42307605e+01]
 [  2.91136056e+01]
 [  3.12242415e+01]
 [  2.70545954e+01]
 [  3.29287465e+01]
 [  3.15051538e+01]
 [  3.03208601e+01]
 [  2.97569481e+01]
 [  2.93862336e+01]
 [  3.12745838e+01]
 [  2.91583952e+01]
 [  3.11979191e+01]
 [  2.95522591e+01]
 [  3.69862645e+01]
 [  3.13868450e+01]
 [  3.29801451e+01]
 [  3.28333426e+01]
 [  3.30197169e+01]
 [  2.54178782e+01]
 [  3.63286216e+01]
 [  3.29040185e+01]
 [  3.26525788e+01]
 [  3.42877780e+01]
 [  3.19714066e+01]
 [  3.28754400e+01]
 [  3.06693612e+01]
 [  3.02030090e+01]
 [  3.40664333e+01]
 [  3.04350493e+01]
 [  3.20677732e+01]
 [  3.13874911e+01]
 [  3.37988892e+01]
 [  2.72584613e+01]
 [  3.18525922e+01]
 [  3.30856796e+01]
 [  3.18257349e+01]
 [  3.45927784e+01]
 [  3.12007020e+01]
 [  3.33612630e+01]
 [  2.14863457e+01]
 [  3.36868908e+01]
 [  3.23374074e+01]
 [  3.31974508e+01]
 [  3.28771672e+01]
 [  3.16926713e+01]
 [  3.33408318e+01]
 [  3.35989233e+01]
 [  3.35712422e+01]
 [  3.50468874e+01]
 [  3.51297589e+01]
 [  3.28964222e+01]
 [  3.37042244e+01]
 [  3.48154790e+01]
 [  3.01815438e+01]
 [  2.43301463e+01]
 [  3.16709114e+01]
 [  3.12376417e+01]
 [  3.18313961e+01]
 [  3.20624349e+01]
 [  2.61974075e+01]
 [  3.32710470e+01]
 [  3.24414354e+01]
 [  3.03069528e+01]
 [  3.18146166e+01]
 [  3.30543258e+01]
 [  3.49590632e+01]
 [  2.59775335e+01]
 [  3.50902396e+01]
 [  3.25771061e+01]
 [  3.67569783e+01]
 [  3.32268999e+01]
 [  3.54017597e+01]
 [  3.32448690e+01]
 [  3.68295455e+01]
 [  3.63026331e+01]
 [  3.39229128e+01]
 [  3.00184833e+01]
 [  3.16671217e+01]
 [  3.00794550e+01]
 [  2.66882523e+01]
 [  3.26922173e+01]
 [  3.14539331e+01]
 [  3.20100933e+01]
 [  2.92693320e+01]
 [  2.99498807e+01]
 [  3.52344124e+01]
 [  2.90896039e+01]
 [  3.26049219e+01]
 [  3.23777788e+01]
 [  3.38705545e+01]
 [  2.30345560e+01]
 [  3.35625169e+01]
 [  3.26132823e+01]
 [  3.29129896e+01]
 [  3.35864358e+01]
 [  3.23656679e+01]
 [  3.44117629e+01]
 [  3.60051307e+01]
 [  3.62535347e+01]
 [  3.69243337e+01]
 [  3.10822004e+01]
 [  3.07595109e+01]
 [  3.13513250e+01]
 [  2.95321923e+01]
 [  3.04849105e+01]
 [  3.26453148e+01]
 [  3.09165422e+01]
 [  2.94364235e+01]
 [  3.27692783e+01]
 [  3.26087459e+01]
 [  3.35940522e+01]
 [  3.35215350e+01]
 [  3.16059755e+01]
 [  3.16346470e+01]
 [  3.47104483e+01]
 [  3.25848135e+01]
 [  3.15766208e+01]
 [  3.50641002e+01]
 [  3.39664682e+01]
 [  3.16263202e+01]
 [  3.21851218e+01]
 [  3.30309395e+01]
 [  3.33814454e+01]
 [  3.25125646e+01]
 [  1.70948243e+01]
 [  1.75090452e+01]
 [  1.73191943e+01]
 [  1.97992313e+01]
 [  1.65718115e+01]
 [  1.90377064e+01]
 [  1.45250966e+01]
 [  1.94181077e+01]
 [  1.60645206e+01]
 [  2.16780600e+01]
 [  2.02824360e+01]
 [  2.11187088e+01]
 [  1.31865077e+01]
 [  1.90491762e+01]
 [  1.84217220e+01]
 [  1.47042642e+01]
 [  2.03302907e+01]
 [  2.02577309e+01]
 [  2.10745950e+01]
 [  2.29847856e+01]
 [  1.68949341e+01]
 [  2.03671254e+01]
 [  1.98493075e+01]
 [  1.98160550e+01]
 [  1.74928865e+01]
 [  2.05310002e+01]
 [  2.33597300e+01]
 [  1.55426557e+01]
 [  2.01130649e+01]
 [  1.75237261e+01]
 [  1.48693814e+01]
 [  1.73862705e+01]
 [  1.89480505e+01]
 [  2.10148654e+01]
 [  1.86842049e+01]
 [  1.85888312e+01]
 [  1.95562185e+01]
 [  1.63366862e+01]
 [  2.39500410e+01]
 [  2.14346080e+01]
 [  2.10634843e+01]
 [  1.66131793e+01]
 [  2.02408258e+01]
 [  2.12786199e+01]
 [  1.87963888e+01]
 [  2.35234158e+01]
 [  1.91240300e+01]
 [  2.10879374e+01]
 [  2.22124339e+01]
 [  2.22614903e+01]
 [  2.03723867e+01]
 [  1.92538667e+01]
 [  1.89588908e+01]
 [  2.31675550e+01]
 [  2.20293725e+01]
 [  1.48135986e+01]
 [  1.90523761e+01]
 [  1.86238811e+01]
 [  1.79560909e+01]
 [  1.36346062e+01]
 [  1.40964415e+01]
 [  1.75458187e+01]
 [  1.91911404e+01]
 [  2.22680124e+01]
 [  1.95878971e+01]
 [  1.99846428e+01]
 [  2.48538328e+01]
 [  2.38742378e+01]
 [  2.01419383e+01]
 [  2.19242536e+01]
 [  1.98911036e+01]
 [  2.22350612e+01]
 [  1.60307641e+01]
 [  2.42262278e+01]
 [  1.29874137e+01]
 [  1.66192135e+01]
 [  2.02463769e+01]
 [  1.80350306e+01]
 [  1.97391238e+01]
 [  2.24113669e+01]
 [  2.12890033e+01]
 [  1.97151414e+01]
 [  1.54681338e+01]
 [  1.96376811e+01]
 [  1.94264698e+01]
 [  1.50477741e+01]
 [  1.81557471e+01]
 [  2.09177480e+01]
 [  2.14179081e+01]
 [  1.97695274e+01]
 [  1.89560266e+01]
 [  1.79477141e+01]
 [  2.11470823e+01]
 [  1.87564273e+01]
 [  1.95069224e+01]
 [  2.03445931e+01]
 [  1.91755202e+01]
 [  1.73145048e+01]
 [  2.75855925e+01]
 [  1.87251039e+01]
 [  2.07039867e+01]
 [  2.12383257e+01]
 [  2.20772158e+01]
 [  2.31269341e+01]
 [  1.64696184e+01]
 [  1.71076589e+01]
 [  1.99179176e+01]
 [  2.31816634e+01]
 [  2.01341438e+01]
 [  2.22290349e+01]
 [  1.85542391e+01]
 [  1.95066224e+01]
 [  1.70548274e+01]
 [  1.74906755e+01]
 [  2.00828558e+01]
 [  2.04746316e+01]
 [  2.15739182e+01]
 [  1.99868249e+01]
 [  1.86259464e+01]
 [  2.10648436e+01]
 [  2.28090442e+01]
 [  2.09245402e+01]
 [  1.89692388e+01]
 [  2.10515040e+01]
 [  1.86416487e+01]
 [  2.20684458e+01]
 [  2.20998897e+01]
 [  2.13857883e+01]
 [  2.25789110e+01]
 [  2.21855692e+01]
 [  2.01559452e+01]
 [  2.21860483e+01]
 [  2.17885516e+01]
 [  2.14998077e+01]
 [  1.57729685e+01]
 [  2.10858653e+01]
 [  2.16367544e+01]
 [  2.05751060e+01]
 [  1.93105025e+01]
 [  1.81246670e+01]
 [  1.58653282e+01]
 [  1.74710071e+01]
 [  1.68831253e+01]
 [  1.70869549e+01]
 [  1.72929910e+01]
 [  2.08584716e+01]
 [  1.93871151e+01]
 [  1.97013079e+01]
 [  1.83993184e+01]
 [  2.07925363e+01]
 [  2.02926999e+01]
 [  1.94474156e+01]
 [  1.87677302e+01]
 [  1.79778355e+01]
 [  2.04481820e+01]
 [  2.10910038e+01]
 [  1.86475803e+01]
 [  1.91939000e+01]
 [  2.20976717e+01]
 [  1.88719286e+01]
 [  1.93071970e+01]
 [  2.19781448e+01]
 [  2.13343438e+01]
 [  2.15295781e+01]
 [  2.15364359e+01]]

The errors:
[[-16.68283204]
 [-18.17348044]
 [-15.30266224]
 [-14.19982894]
 [-14.8386095 ]
 [-13.03242858]
 [-13.26999065]
 [-11.154204  ]
 [ -8.15502631]
 [ -6.27625472]
 [ -7.54964918]
 [ -7.0093139 ]
 [ -6.62721421]
 [ -6.52853504]
 [ -6.12695051]
 [ -5.13854014]
 [ -7.25368956]
 [-21.04266006]
 [-20.35711198]
 [-17.58016883]
 [-16.77842934]
 [-14.82236969]
 [-14.75644788]
 [-12.6705311 ]
 [-12.90892825]
 [ -7.28909031]
 [ -7.97628435]
 [ -8.55999432]
 [ -6.69261768]
 [ -7.04961205]
 [ -5.84410796]
 [ -7.25139329]
 [ -6.49654513]
 [ -5.1229796 ]
 [-20.78086979]
 [-19.22641207]
 [-17.38415923]
 [-15.45123353]
 [-17.13435693]
 [-14.94767245]
 [-12.78879875]
 [-13.61678945]
 [ -6.86351696]
 [ -8.21666268]
 [ -7.25890617]
 [ -7.59163997]
 [ -7.01341876]
 [ -8.36166658]
 [ -7.82384291]
 [ -6.75451306]
 [ -6.39581016]
 [-19.1139913 ]
 [-17.55325722]
 [-18.28758955]
 [-14.96724167]
 [-16.24014414]
 [-16.69566023]
 [-12.80280384]
 [-10.20498513]
 [ -7.59739229]
 [ -8.26980135]
 [ -7.04110085]
 [ -6.74342134]
 [ -7.91664013]
 [ -3.77344442]
 [ -5.41211278]
 [ -6.85429368]
 [ -6.23227128]
 [-19.62671802]
 [-16.79134492]
 [-16.31140074]
 [-16.40031859]
 [-15.88124144]
 [-11.83870903]
 [ -9.92143287]
 [ -8.86167877]
 [ -7.22407638]
 [ -6.37937467]
 [ -3.40543126]
 [ -3.35308288]
 [ -3.64049463]
 [ -5.19078642]
 [ -5.45792017]
 [ -5.21703478]
 [ -5.67648872]
 [-17.86176852]
 [-17.3062409 ]
 [-18.05725557]
 [-15.6731684 ]
 [-14.40963631]
 [-12.92069896]
 [-10.28138688]
 [-10.89598154]
 [ -5.09078354]
 [ -5.52576698]
 [ -5.30631897]
 [ -4.54891161]
 [ -4.77911676]
 [ -5.40910281]
 [ -5.94084318]
 [ -6.0084212 ]
 [ -4.9555159 ]
 [ -6.81336072]
 [ -8.04982382]
 [ -7.02655598]
 [ -7.30238204]
 [ -7.35734867]
 [ -7.05824923]
 [ -8.0227541 ]
 [ -9.1943311 ]
 [ -6.08831786]
 [ -5.92599828]
 [ -9.30019754]
 [ -8.14378563]
 [ -9.34367231]
 [ -9.14391334]
 [-11.2239271 ]
 [ -9.28544904]
 [-11.42199882]
 [-10.61785558]
 [-15.15384725]
 [ -9.01895923]
 [-10.25158728]
 [-10.46276978]
 [ -8.84677141]
 [ -8.75845889]
 [ -5.36020538]
 [ -6.43973599]
 [ -5.53848688]
 [ -7.71804989]
 [ -7.39457495]
 [ -7.23690817]
 [-10.99918621]
 [ -7.26584155]
 [ -8.64953735]
 [-10.59652061]
 [ -8.87245218]
 [ -8.75186466]
 [-11.24860874]
 [ -9.15778037]
 [-11.45724199]
 [ -7.48571906]
 [-18.41622804]
 [ -9.71164495]
 [-11.07347726]
 [ -8.85434748]
 [ -6.22082998]
 [ -8.85590045]
 [ -8.60466879]
 [ -5.30129251]
 [ -7.88074702]
 [ -5.94691991]
 [ -8.21790697]
 [ -6.97790183]
 [-10.17771218]
 [ -7.94202306]
 [ -7.95799421]
 [ -6.28708276]
 [ -7.86163227]
 [ -6.77908132]
 [-11.0508932 ]
 [-11.57369156]
 [ -5.93668134]
 [ -8.05036924]
 [ -7.64733865]
 [ -8.4376821 ]
 [ -7.47320819]
 [-12.12927055]
 [ -7.66310034]
 [ -7.01208412]
 [ -7.36444368]
 [ -8.25392033]
 [ -7.7073231 ]
 [ -8.33861586]
 [ -6.87319922]
 [ -7.75498634]
 [ -7.1912945 ]
 [ -8.77794162]
 [ -6.32071163]
 [-10.54047446]
 [-12.45833855]
 [ -9.71543426]
 [ -8.696692  ]
 [ -9.03318059]
 [-13.21142142]
 [ -9.07633768]
 [ -9.3234883 ]
 [-14.59285298]
 [ -9.62523873]
 [-16.39620228]
 [ -7.11853247]
 [ -6.23476382]
 [-10.34414457]
 [ -7.68053182]
 [ -8.58989594]
 [ -9.61116593]
 [ -8.85192408]
 [ -6.793698  ]
 [-11.68959192]
 [ -9.09465262]
 [-10.05885507]
 [-13.57701353]
 [ -8.65242391]
 [ -7.42512005]
 [ -8.55440614]
 [ -9.38455309]
 [-10.23500095]
 [-11.80803398]
 [ -8.7627762 ]
 [ -9.23803068]
 [-10.13135124]
 [ -8.44173156]
 [ -8.61737482]
 [ -5.89414719]
 [ -7.48214527]
 [ -8.270211  ]
 [ -7.42169778]
 [ -7.60917234]
 [ -7.56180354]
 [-11.73933266]
 [ -8.55510489]
 [-10.16808642]
 [-10.93341426]
 [-11.74223739]
 [ -7.73499816]
 [ -9.42286225]
 [ -8.06748186]
 [-10.74955339]
 [-12.88479037]
 [ -9.63129679]
 [ -8.38798338]
 [ -8.22532287]
 [ -9.20358852]
 [ -9.15849   ]
 [ -9.51698282]
 [-12.6225987 ]
 [  7.42737781]
 [-18.27459998]
 [-21.36961357]
 [-20.67272246]
 [-33.03895722]
 [-10.27815002]
 [-18.35353504]
 [-16.04660821]
 [-21.58423868]
 [-23.32534685]
 [-22.34197737]
 [-30.9550168 ]
 [-13.79002516]
 [-21.77251913]
 [-35.27151477]
 [-43.0534014 ]
 [-37.7024197 ]
 [-22.10841993]
 [-28.95092379]
 [-18.69582423]
 [-25.50192152]
 [-27.56059546]
 [-27.6114066 ]
 [ -5.33421824]
 [-23.56198181]
 [ -8.26822381]
 [ -7.70195842]
 [-24.91246159]
 [-16.76484656]
 [-12.0690125 ]
 [-38.3541216 ]
 [-17.78161706]
 [-23.56498783]
 [-27.93581472]
 [-11.68011587]
 [-33.36111322]
 [-16.99054123]
 [-33.14053954]
 [-23.83381072]
 [-18.36383645]
 [-24.13079634]
 [-40.87771138]
 [-27.98087189]
 [-15.67963079]
 [-23.50537471]
 [-43.54030164]
 [-20.82828718]
 [-25.04572975]
 [-17.13034635]
 [-17.48727795]
 [-25.0768509 ]
 [-11.56608808]
 [-16.96212087]
 [-39.46274871]
 [-11.03365677]
 [-24.19214886]
 [-43.12682263]
 [-26.15477561]
 [-20.77202149]
 [-18.22286126]
 [-35.33791956]
 [-42.49826571]
 [-29.55859662]
 [-22.2700537 ]
 [-14.67342076]
 [-24.338198  ]
 [-27.96862397]
 [-14.7951023 ]
 [-17.18817433]
 [-12.78808021]
 [-11.60574271]
 [-28.24575903]
 [-16.13918516]
 [-17.52106603]
 [-16.92600058]
 [ -8.18735415]
 [-19.41065418]
 [-27.42600141]
 [-13.66088809]
 [-12.4242454 ]
 [ -7.76874103]
 [-27.71253658]
 [-24.78864988]
 [ -8.70685548]
 [-15.43633894]
 [-21.55082352]
 [-20.6694051 ]
 [-26.42288126]
 [-12.23263462]
 [ -7.82061187]
 [-12.29596269]
 [-18.15199666]
 [-30.76006708]
 [-23.50112688]
 [-28.85439912]
 [-19.77562343]
 [-42.67004369]
 [-27.2998217 ]
 [-26.49999218]
 [-25.27879751]
 [-30.23599635]
 [-32.57564097]
 [-17.86532396]
 [-30.43180845]
 [-21.17362394]
 [-36.69225816]
 [ -9.12244251]
 [-24.6766256 ]
 [-15.67841076]
 [-15.0302606 ]
 [-24.00308888]
 [-33.10455965]
 [-32.54001197]
 [-11.87645587]
 [-19.92413736]
 [-28.26775474]
 [-25.29419583]
 [-15.97926408]
 [-28.95477957]
 [-14.46070577]
 [-18.3224249 ]
 [-23.8354956 ]
 [-33.31605933]
 [-21.47973306]
 [-13.02913292]
 [-34.16725585]
 [-24.1348202 ]
 [-11.65439255]
 [ -6.96713786]
 [-15.12517082]
 [-27.62554737]
 [-32.12365274]
 [-17.34934493]
 [-15.04202172]
 [-17.25436011]
 [-15.67839029]
 [-15.22609122]
 [-20.27444362]
 [-19.83130506]
 [-17.85040543]
 [-20.84751367]
 [-22.02860092]
 [-16.50004082]
 [-23.23858931]
 [-20.54133042]
 [-21.2662872 ]
 [-21.85401483]
 [-22.77644421]
 [-22.22128946]
 [-21.01316912]
 [-24.20409899]
 [-23.31180188]
 [-20.97958109]
 [-34.9602875 ]
 [-13.94135496]
 [-20.2056945 ]
 [-14.85598883]
 [-21.11474006]
 [-17.62077206]
 [-18.40577867]
 [-17.02507089]
 [-20.7004365 ]
 [-19.16998003]
 [-22.14260743]
 [-20.00269475]
 [-17.57197124]
 [-20.18172416]
 [-21.9828148 ]
 [-21.65353151]
 [-25.8293006 ]
 [-22.22442153]
 [-24.04425531]
 [-23.21347117]
 [-20.37329644]
 [-21.97842563]
 [-23.85545013]
 [-23.42293202]
 [-20.18984141]
 [-25.03942   ]
 [-10.62538181]
 [-16.22836179]
 [-16.15505204]
 [-17.35250179]
 [-17.64780154]
 [-35.20214209]
 [-18.40034801]
 [-20.13787169]
 [-20.74992393]
 [-16.46637633]
 [-21.9591568 ]
 [-22.11610841]
 [-22.07372143]
 [-21.0394079 ]
 [-22.53485385]
 [-23.06840999]
 [-23.77906644]
 [-23.39100701]
 [-23.29906661]
 [-23.00926384]
 [-24.80284543]
 [-14.84506648]
 [-16.78909993]
 [-13.88245206]
 [-32.53966149]
 [-16.48089704]
 [-15.81535356]
 [-18.62238479]
 [-34.28015506]
 [-18.42605446]
 [-19.1927224 ]
 [-18.7281785 ]
 [-19.75750094]
 [-20.78110612]
 [-20.78277835]
 [-21.30066372]
 [-22.34984001]
 [-19.02089777]
 [-23.09915108]
 [-23.19887413]
 [-24.30954766]
 [-22.90056749]
 [-24.24580279]
 [-20.37696919]
 [-15.37775623]
 [-22.09001256]
 [-13.42472965]
 [-14.54251436]
 [-17.08104501]
 [-16.1256241 ]
 [-16.1556363 ]
 [-19.37438104]
 [-17.77269787]
 [-19.77559802]
 [-21.41829837]
 [-20.32369607]
 [-21.33612363]
 [-20.86043517]
 [-20.82183796]
 [-21.94527472]
 [-22.43637667]
 [-22.95185801]
 [-22.23404562]
 [-22.90255246]
 [-22.15488927]
 [-23.50846685]
 [-12.23838574]
 [-22.78093562]
 [-14.4905595 ]
 [-25.13670778]
 [-14.43269749]
 [-15.73475615]
 [-14.71985921]
 [-17.22428507]
 [-17.32278017]
 [-19.53074024]
 [-19.55699898]
 [-17.78557504]
 [-20.85546866]
 [-20.78618892]
 [-22.26970497]
 [-22.54522805]
 [-21.73700855]
 [-22.24017019]
 [-21.86627331]
 [-22.37342955]
 [-23.45156082]
 [-23.46835246]
 [-21.87318785]
 [-21.89802183]
 [ 18.78998697]
 [ 14.23096432]
 [ 13.89766136]
 [ 16.24436981]
 [ 14.67339346]
 [ 15.21763457]
 [ 18.26595165]
 [ 12.22541497]
 [ 14.17857192]
 [ 16.35806629]
 [ 16.0118399 ]
 [ 16.07282741]
 [ 11.70279346]
 [ 15.88548004]
 [ 16.24837825]
 [ 16.91729185]
 [ 19.38558249]
 [ 17.53495645]
 [ 18.13176051]
 [ 13.18160556]
 [ 15.58824152]
 [ 11.64959544]
 [ 17.75474652]
 [ 16.25015382]
 [ 14.83586009]
 [ 14.04094806]
 [ 13.20923357]
 [ 14.83358384]
 [ 12.48639516]
 [ 14.32891906]
 [ 12.41725907]
 [ 19.62226452]
 [ 13.79184498]
 [ 15.0051451 ]
 [ 15.08834259]
 [ 15.53771694]
 [  8.13287818]
 [ 19.27662159]
 [ 16.11501849]
 [ 16.2175788 ]
 [ 17.95977801]
 [ 15.87240656]
 [ 16.94343997]
 [ 15.03336117]
 [ 14.79800904]
 [ 18.89243334]
 [ 15.18004925]
 [ 16.58277324]
 [ 15.67149107]
 [ 17.85288925]
 [ 11.08146131]
 [ 15.41159224]
 [ 16.4136796 ]
 [ 14.9567349 ]
 [ 17.45777842]
 [ 13.83670204]
 [ 15.766263  ]
 [  3.51134569]
 [ 15.9418908 ]
 [ 14.85540738]
 [ 15.91245075]
 [ 15.82516723]
 [ 14.90367133]
 [ 16.90583177]
 [ 17.27092333]
 [ 17.47224216]
 [ 19.11488743]
 [ 19.49375891]
 [ 17.49142219]
 [ 18.53022438]
 [ 19.56047902]
 [ 14.69654385]
 [  8.61414634]
 [ 15.72491142]
 [ 15.06064167]
 [ 15.39039605]
 [ 15.39043492]
 [  9.32840747]
 [ 16.13604702]
 [ 15.07743538]
 [ 12.7119528 ]
 [ 13.83961656]
 [ 15.30932577]
 [ 17.47706321]
 [  8.69253352]
 [ 18.03823957]
 [ 15.78810606]
 [ 20.32197832]
 [ 16.89889988]
 [ 19.30275973]
 [ 17.31286901]
 [ 21.19354545]
 [ 20.89763313]
 [ 18.74891277]
 [ 14.7634833 ]
 [ 16.18212174]
 [ 14.36345501]
 [ 10.74225234]
 [ 16.51521732]
 [ 15.01293314]
 [ 15.33809325]
 [ 12.40033196]
 [ 12.81488067]
 [ 17.87041243]
 [ 11.49460386]
 [ 14.6299219 ]
 [ 14.63277879]
 [ 16.3885545 ]
 [  5.74955601]
 [ 16.51051695]
 [ 15.82428228]
 [ 16.47798965]
 [ 17.2584358 ]
 [ 16.2666679 ]
 [ 18.47976287]
 [ 20.36913069]
 [ 20.84853474]
 [ 21.75033366]
 [ 15.8272004 ]
 [ 15.27451092]
 [ 15.63532503]
 [ 13.58619226]
 [ 14.30791045]
 [ 16.20431483]
 [ 14.24454222]
 [ 12.56742354]
 [ 15.63427832]
 [ 15.24474594]
 [ 15.99905216]
 [ 15.54653495]
 [ 13.86097547]
 [ 14.152647  ]
 [ 17.42544831]
 [ 15.53281347]
 [ 14.78762081]
 [ 18.6291002 ]
 [ 17.6384682 ]
 [ 15.52732022]
 [ 16.25312182]
 [ 17.39493947]
 [ 17.97644544]
 [ 17.33856457]
 [-12.11617567]
 [-12.12595481]
 [-12.91080569]
 [-11.03576868]
 [-14.84518854]
 [-12.97429359]
 [-18.08490336]
 [-13.78589226]
 [-17.74147936]
 [-12.72293999]
 [-14.70156396]
 [-14.46029121]
 [-22.98749234]
 [-17.72182384]
 [-18.94227799]
 [-23.25273577]
 [-13.31270929]
 [-17.40126906]
 [-16.22340497]
 [-13.94821444]
 [-19.6720659 ]
 [-15.83487462]
 [-15.98269254]
 [-15.65894496]
 [-17.61611353]
 [-14.16199976]
 [-10.65227   ]
 [-13.66834435]
 [ -9.52193509]
 [-12.70627394]
 [-15.96561864]
 [-14.03072947]
 [-13.06394952]
 [-11.59513456]
 [-14.51979505]
 [-15.21716881]
 [-14.84478149]
 [-18.64831377]
 [-11.62895898]
 [-14.73939201]
 [-15.70751572]
 [-20.75082068]
 [-17.7161742 ]
 [-12.36438005]
 [-18.86261118]
 [-13.77458423]
 [-17.80896996]
 [-15.47906259]
 [-13.98956611]
 [-13.57050968]
 [-15.10261333]
 [-15.8551333 ]
 [-15.73410922]
 [-11.21244503]
 [-11.98262755]
 [-14.39740137]
 [-10.58262392]
 [-11.60611888]
 [-12.87890912]
 [-17.78239382]
 [-17.91555849]
 [-15.06418134]
 [-14.01285965]
 [-11.53798762]
 [-14.81310291]
 [-15.00035718]
 [-10.72516718]
 [-12.29976222]
 [-16.62906172]
 [-15.43974645]
 [-18.06589635]
 [-11.4079388 ]
 [-21.6272359 ]
 [-13.07177215]
 [-23.94558633]
 [-19.94778654]
 [-15.95562308]
 [-17.79696938]
 [-15.36987621]
 [-12.2816331 ]
 [-13.09099665]
 [-14.29685858]
 [-13.74286618]
 [ -9.99831891]
 [-10.80353021]
 [-15.78722587]
 [-13.26225293]
 [-11.09425196]
 [-11.19209191]
 [-13.43447262]
 [-14.84997335]
 [-16.4532859 ]
 [-13.83791774]
 [-16.82257269]
 [-16.66707758]
 [-16.42640691]
 [-18.18847977]
 [-20.64249519]
 [ -6.05740745]
 [-18.9328961 ]
 [-16.59301331]
 [-15.69467434]
 [-14.48978419]
 [-13.07506593]
 [-19.36238163]
 [-18.36734113]
 [-15.1910824 ]
 [-11.51133659]
 [-14.24585624]
 [-11.7829651 ]
 [-10.6567609 ]
 [-10.12937758]
 [-13.17517263]
 [-13.34432451]
 [-11.33514422]
 [-11.53736841]
 [-11.03608179]
 [-13.21717507]
 [-15.1800536 ]
 [-13.33615638]
 [-12.1759558 ]
 [-14.65445979]
 [-17.20476115]
 [-15.71949604]
 [-18.72235127]
 [-15.88855416]
 [-11.54311031]
 [-16.27221175]
 [-14.71808902]
 [-14.7474308 ]
 [-16.41105482]
 [-14.01595169]
 [-14.04344843]
 [-13.97519227]
 [-19.33603147]
 [-13.6071347 ]
 [-12.74324561]
 [-13.43689396]
 [ -9.90049753]
 [-11.51133301]
 [-14.36567176]
 [-13.36399294]
 [-14.53487469]
 [-14.92604511]
 [-15.31700899]
 [-12.34552839]
 [-14.41888489]
 [-14.69969206]
 [-16.58568163]
 [-14.78646367]
 [-15.8813001 ]
 [-17.32358435]
 [-18.59626976]
 [-19.97916445]
 [-13.19481798]
 [-16.5669962 ]
 [-18.28541973]
 [-17.37309995]
 [-14.10432827]
 [-16.9600714 ]
 [-16.16780303]
 [-13.13085521]
 [-13.35865619]
 [-12.85042192]
 [-12.47556413]]

The RMSE(root mean squared error) is:
16.9984374074
