---results---

The params:
[[  5.75771454e+00]
 [  6.35370615e-01]
 [  5.75774325e+00]
 [  2.19503467e-02]
 [ -2.70557961e+02]
 [  5.20407520e+04]
 [ -2.13275453e+04]
 [  5.63944977e+02]
 [  7.43208097e+03]
 [  2.99106859e+01]
 [ -1.01839596e+01]
 [ -7.23965279e+04]
 [ -3.42140026e+01]
 [ -6.74704187e+01]
 [  2.41549319e+04]
 [ -9.46148445e+01]
 [ -8.30930077e-01]
 [  7.30054609e+00]
 [ -1.53346111e+01]
 [ -2.12917483e+01]]

The regress value of test data:
[[  6.52710332]
 [  3.56193841]
 [  6.9121729 ]
 [  9.14643942]
 [  6.72655765]
 [  6.62336278]
 [  5.01051242]
 [  6.95110626]
 [  4.81542316]
 [  7.60455495]
 [  8.92370705]
 [  5.22838269]
 [  7.67064001]
 [  6.11875105]
 [  8.96245048]
 [ 10.17397218]
 [  7.9475346 ]
 [  2.72935006]
 [  3.10466392]
 [  5.40079595]
 [  3.62168803]
 [  6.56719202]
 [  5.04968084]
 [  5.14209321]
 [  5.50704479]
 [  4.28798099]
 [  5.20129897]
 [  6.31869449]
 [  8.15164774]
 [  7.15009428]
 [  9.18472185]
 [  6.8172373 ]
 [  8.761759  ]
 [ 12.96178234]
 [  3.93960733]
 [  2.92122328]
 [  4.97325626]
 [  6.67354793]
 [  2.90531279]
 [  4.51193647]
 [  7.71519382]
 [  5.70880703]
 [  7.40485472]
 [  4.9674783 ]
 [  7.13530584]
 [  7.84332668]
 [  7.17881598]
 [  5.90283938]
 [  6.88915874]
 [  8.48123701]
 [ 10.45911934]
 [  5.39492949]
 [  5.20528701]
 [  4.84725418]
 [  8.71349486]
 [  3.93791445]
 [  3.39415813]
 [  7.61443258]
 [  9.47565521]
 [  4.97423956]
 [  4.52857847]
 [  9.33929513]
 [  7.48175185]
 [  6.24205586]
 [ 12.47373368]
 [  9.95702939]
 [  9.04564861]
 [ 11.04844225]
 [  2.43686233]
 [  5.69883963]
 [  5.06909274]
 [  3.84767723]
 [  3.5940784 ]
 [  9.02357224]
 [  8.36985624]
 [ 11.80576126]
 [  6.14485393]
 [  7.29272612]
 [ 13.07003209]
 [ 12.70003568]
 [ 11.61030749]
 [  9.73912968]
 [  9.47422419]
 [ 10.90881769]
 [ 10.80092208]
 [  4.75454157]
 [  5.85668681]
 [  3.93166193]
 [  2.92800165]
 [  4.34262317]
 [  6.34432752]
 [ 10.37328366]
 [  9.11267964]
 [  9.45686896]
 [  9.11646535]
 [  9.98379368]
 [ 10.74860866]
 [ 10.67301605]
 [  9.9106872 ]
 [ 11.68717663]
 [  7.93868045]
 [ 28.00065305]
 [ 24.6683817 ]
 [ 24.41176895]
 [ 25.79054389]
 [ 24.59194634]
 [ 26.34227432]
 [ 25.75059525]
 [ 25.91832026]
 [ 23.93071341]
 [ 27.40665463]
 [ 28.31600435]
 [ 28.23708872]
 [ 28.90632466]
 [ 27.67112701]
 [ 27.54993362]
 [ 26.29712157]
 [ 28.09531786]
 [ 23.58549141]
 [ 27.57123586]
 [ 22.1330531 ]
 [ 28.37749931]
 [ 30.04989838]
 [ 29.13682481]
 [ 23.66562163]
 [ 24.32555809]
 [ 26.18576508]
 [ 26.58549892]
 [ 24.89641005]
 [ 24.83209219]
 [ 25.32578085]
 [ 27.21042846]
 [ 21.69810718]
 [ 26.869425  ]
 [ 25.08836243]
 [ 25.47118549]
 [ 27.1717842 ]
 [ 27.96775192]
 [ 27.00554429]
 [ 28.47780928]
 [ 25.67611661]
 [ 30.92653169]
 [ 19.46195453]
 [ 27.05996065]
 [ 28.74135237]
 [ 31.03804482]
 [ 25.81493826]
 [ 23.21321407]
 [ 22.61260957]
 [ 29.30732646]
 [ 24.75180077]
 [ 26.62656971]
 [ 24.69000475]
 [ 26.77044501]
 [ 21.57366304]
 [ 25.58540259]
 [ 26.59923212]
 [ 30.47682742]
 [ 27.8809525 ]
 [ 29.86600807]
 [ 26.0438461 ]
 [ 25.5894606 ]
 [ 30.89862577]
 [ 29.61686514]
 [ 30.11248837]
 [ 30.69155568]
 [ 30.19311281]
 [ 28.17891541]
 [ 31.62704045]
 [ 23.67657313]
 [ 25.51555861]
 [ 24.71064983]
 [ 24.47328391]
 [ 24.77778788]
 [ 26.44490112]
 [ 26.33662055]
 [ 26.67770688]
 [ 26.11219692]
 [ 29.14826195]
 [ 25.4843155 ]
 [ 24.43399377]
 [ 27.12603873]
 [ 28.39548477]
 [ 27.17027403]
 [ 24.68943734]
 [ 28.40876856]
 [ 28.94644872]
 [ 23.27215188]
 [ 28.50791711]
 [ 24.34269077]
 [ 32.72708695]
 [ 25.60686578]
 [ 23.73280926]
 [ 23.25113243]
 [ 25.11463887]
 [ 23.17116937]
 [ 25.14903687]
 [ 27.09944943]
 [ 23.26350031]
 [ 23.51834991]
 [ 24.73445258]
 [ 22.86076608]
 [ 28.39508526]
 [ 27.89562969]
 [ 27.05342759]
 [ 28.22434532]
 [ 27.68670995]
 [ 26.88648229]
 [ 28.77574647]
 [ 28.48240124]
 [ 27.83485997]
 [ 31.72861043]
 [ 31.16582196]
 [ 26.35008573]
 [ 24.76557734]
 [ 23.38700426]
 [ 25.27956763]
 [ 24.4513477 ]
 [ 24.87360728]
 [ 23.52024681]
 [ 24.8000862 ]
 [ 22.50709481]
 [ 23.34657851]
 [ 23.32578431]
 [ 28.59754074]
 [ 25.97908309]
 [ 27.82762636]
 [ 26.65405964]
 [ 24.40699212]
 [ 27.93063851]
 [ 29.73777026]
 [ 29.57935297]
 [ 29.10164794]
 [ 27.95407355]
 [ 29.04008415]
 [ 26.97909949]
 [ 39.02847504]
 [ 13.3188822 ]
 [  8.2660274 ]
 [ 11.54020833]
 [ -5.40901691]
 [ 23.3276241 ]
 [ 12.69229844]
 [ 16.75455158]
 [ 10.64179159]
 [  9.47770959]
 [  6.63472651]
 [  3.63484263]
 [ 19.97703164]
 [  9.84714955]
 [  1.27312444]
 [ -5.09042695]
 [ -7.3443075 ]
 [  9.23333201]
 [ -1.23471579]
 [ 14.39443293]
 [  7.66778978]
 [  3.95421215]
 [  3.03288171]
 [ 24.78409933]
 [ 10.30477035]
 [ 18.36833303]
 [ 23.28832979]
 [  0.47795908]
 [ 11.57467816]
 [ 24.09250771]
 [-10.82668837]
 [ 18.0464477 ]
 [  8.6403789 ]
 [  5.81613595]
 [ 24.49135756]
 [  0.11431975]
 [ 20.26634371]
 [  2.43259884]
 [ 10.90766929]
 [ 11.31773517]
 [ 12.31871486]
 [ -9.95486984]
 [  0.59123124]
 [ 15.21595088]
 [  7.27310165]
 [-10.89174636]
 [ 12.31073208]
 [  5.06286801]
 [ 13.65943086]
 [ 14.10832027]
 [ 11.13735128]
 [ 21.77776677]
 [ 15.71657762]
 [ -2.36161589]
 [ 25.09813476]
 [  8.44701202]
 [ -4.28171927]
 [ 12.34230055]
 [  8.64814174]
 [ 14.68252051]
 [ -4.35377539]
 [-10.95093532]
 [ -2.52913902]
 [  9.2204806 ]
 [ 19.34210828]
 [  9.66117133]
 [  3.7604707 ]
 [ 17.66538354]
 [ 12.23735587]
 [ 18.67625414]
 [ 20.92185524]
 [  5.43008621]
 [ 19.36876888]
 [ 13.52191706]
 [ 21.43449132]
 [ 26.01092342]
 [ 14.86338031]
 [  9.62987325]
 [ 19.83507762]
 [ 21.01842573]
 [ 21.01795822]
 [  4.79212836]
 [  7.45496434]
 [ 23.4525718 ]
 [ 16.49786084]
 [  8.16892383]
 [ 10.97829041]
 [  0.22601016]
 [ 15.15646702]
 [ 22.48977394]
 [ 18.90764394]
 [ 11.77086383]
 [ -0.22104849]
 [  3.88444701]
 [  1.47698628]
 [ 13.81341492]
 [ -4.01272914]
 [  4.4704724 ]
 [  7.09185034]
 [ 12.32959158]
 [ -0.07404494]
 [ -1.00759675]
 [ 11.67851943]
 [ -1.649158  ]
 [  9.94859593]
 [ -8.28984327]
 [ 22.76860937]
 [  6.31448631]
 [ 13.88126103]
 [ 13.60935734]
 [  3.70904505]
 [ -4.6930246 ]
 [ -3.72977613]
 [ 20.02484517]
 [ 13.42642193]
 [  3.28971937]
 [  3.17079126]
 [ 17.66008276]
 [  2.87791636]
 [ 20.83215396]
 [ 13.64589449]
 [ 12.34097637]
 [ -3.65708399]
 [ 11.29261366]
 [ 22.99735797]
 [ -9.24532567]
 [  3.61625625]
 [  9.95551613]
 [ 24.44742872]
 [ 15.13957834]
 [  2.27695847]
 [  0.12797698]
 [ 14.79076756]
 [ 18.58367619]
 [ 20.49243485]
 [ 20.03776941]
 [ 20.55801055]
 [ 16.38594425]
 [ 20.40395708]
 [ 21.90081659]
 [ 18.28444504]
 [ 18.54786607]
 [ 28.18899322]
 [ 18.60024886]
 [ 22.94234112]
 [ 22.67440623]
 [ 21.27509959]
 [ 20.53287195]
 [ 22.18244813]
 [ 24.20349646]
 [ 20.17219655]
 [ 21.83676327]
 [ 26.71907843]
 [ -3.1256701 ]
 [ 18.44605741]
 [ 14.72067548]
 [ 20.08112137]
 [ 14.03645405]
 [ 17.21794537]
 [ 17.37290651]
 [ 20.89041382]
 [ 20.81707466]
 [ 19.0717032 ]
 [ 16.08368135]
 [ 22.26217487]
 [ 26.34170814]
 [ 22.51820371]
 [ 20.40987271]
 [ 20.98406249]
 [ 19.45657301]
 [ 20.98061596]
 [ 20.37961636]
 [ 20.28964348]
 [ 25.75920867]
 [ 22.77810359]
 [ 22.12875586]
 [  8.70979161]
 [ 11.92865978]
 [  8.83340504]
 [ 24.69909057]
 [ 21.97805853]
 [ 19.06588218]
 [ 17.73524905]
 [ 19.46666426]
 [  4.05752537]
 [ 20.56426093]
 [ 20.08727329]
 [ 20.47728004]
 [ 28.63958059]
 [ 19.52886984]
 [ 19.12394724]
 [ 22.84835378]
 [ 23.16504022]
 [ 20.10886657]
 [ 19.79726272]
 [ 20.42873883]
 [ 21.13550453]
 [ 20.99455991]
 [ 23.04390501]
 [  7.9838646 ]
 [ 16.81067368]
 [ 19.64354325]
 [ 18.44339635]
 [  3.64442064]
 [ 18.58858734]
 [ 19.31619905]
 [ 16.88468533]
 [  6.30679341]
 [ 20.65414733]
 [ 21.11687139]
 [ 22.57168351]
 [ 23.66680584]
 [ 21.52301222]
 [ 20.67423082]
 [ 23.09583617]
 [ 19.88346099]
 [ 26.94753258]
 [ 21.03874837]
 [ 21.00416754]
 [ 19.22887685]
 [ 21.36447723]
 [ 21.37213448]
 [ 11.34403797]
 [ 17.47532489]
 [ 12.16081436]
 [ 19.90495424]
 [ 20.65902718]
 [ 15.97787169]
 [ 17.36577042]
 [ 19.99384152]
 [ 20.37600545]
 [ 19.29826827]
 [ 17.91498316]
 [ 18.11337817]
 [ 20.22531263]
 [ 20.20883086]
 [ 20.55545421]
 [ 21.77941494]
 [ 22.05321344]
 [ 21.55625535]
 [ 21.6845378 ]
 [ 21.40269483]
 [ 19.48157565]
 [ 21.7892403 ]
 [ 22.04235702]
 [ 20.26269421]
 [ 10.2618163 ]
 [ 18.04369396]
 [  7.67490103]
 [ 17.70287848]
 [ 20.52402736]
 [ 19.67888695]
 [ 18.33780095]
 [ 17.75997696]
 [ 19.3797507 ]
 [ 17.79236131]
 [ 20.52782534]
 [ 18.34766271]
 [ 20.95821289]
 [ 18.85428925]
 [ 19.98798735]
 [ 19.47351271]
 [ 18.58400649]
 [ 21.91398466]
 [ 21.88620477]
 [ 19.66175238]
 [ 21.78928241]
 [ 23.05294614]
 [ 23.08917825]
 [ 41.82709656]
 [ 36.66306616]
 [ 36.10295735]
 [ 39.73424243]
 [ 38.18488627]
 [ 38.8041032 ]
 [ 42.94330601]
 [ 36.10284161]
 [ 38.76616632]
 [ 41.29276997]
 [ 41.65166155]
 [ 40.80835836]
 [ 35.22447815]
 [ 39.65790089]
 [ 40.75684425]
 [ 41.58922297]
 [ 43.83954641]
 [ 40.30224438]
 [ 40.87088054]
 [ 34.75223297]
 [ 37.71340399]
 [ 34.14748137]
 [ 41.50992458]
 [ 35.33663954]
 [ 36.67562713]
 [ 36.43036543]
 [ 35.89026661]
 [ 37.95501126]
 [ 35.33590156]
 [ 37.83464426]
 [ 36.07408045]
 [ 44.20165325]
 [ 36.80820347]
 [ 39.07664503]
 [ 40.43749894]
 [ 39.72488863]
 [ 32.93997014]
 [ 43.95851243]
 [ 39.41646639]
 [ 39.97763243]
 [ 42.64724379]
 [ 39.1744654 ]
 [ 39.10353388]
 [ 38.11901686]
 [ 38.57520945]
 [ 41.96654247]
 [ 36.10987315]
 [ 38.21106937]
 [ 36.19374865]
 [ 41.02743176]
 [ 34.01382526]
 [ 36.57605373]
 [ 38.7067895 ]
 [ 38.83221225]
 [ 41.01926804]
 [ 37.64608242]
 [ 40.32781333]
 [ 29.04154732]
 [ 39.87490433]
 [ 39.23013072]
 [ 40.84292464]
 [ 38.2468157 ]
 [ 38.73921991]
 [ 41.10313865]
 [ 41.87417261]
 [ 40.005509  ]
 [ 42.72763044]
 [ 41.85370119]
 [ 41.19399848]
 [ 40.57869751]
 [ 42.89559191]
 [ 36.58214123]
 [ 31.20020558]
 [ 38.64471031]
 [ 37.10183664]
 [ 39.11505687]
 [ 38.11594409]
 [ 33.0163157 ]
 [ 38.95005052]
 [ 39.11922052]
 [ 37.32916034]
 [ 38.30363572]
 [ 40.16215774]
 [ 41.95550434]
 [ 32.94603352]
 [ 41.540949  ]
 [ 39.02527166]
 [ 44.62214149]
 [ 40.22071658]
 [ 42.33462449]
 [ 40.31761919]
 [ 45.00594208]
 [ 44.82330896]
 [ 41.6930553 ]
 [ 35.62539898]
 [ 37.31327344]
 [ 35.64380241]
 [ 31.20946236]
 [ 39.32656193]
 [ 36.75066774]
 [ 36.723837  ]
 [ 36.56070256]
 [ 35.75507035]
 [ 42.27417193]
 [ 34.47626119]
 [ 39.9774881 ]
 [ 37.55982767]
 [ 41.57347999]
 [ 30.05955822]
 [ 39.89995818]
 [ 39.02499271]
 [ 39.88543685]
 [ 41.72305849]
 [ 38.84934922]
 [ 40.19135167]
 [ 44.03790115]
 [ 43.48021905]
 [ 44.69322861]
 [ 36.96723521]
 [ 36.79929558]
 [ 38.07491247]
 [ 37.61711223]
 [ 36.07758843]
 [ 39.48469663]
 [ 36.70900771]
 [ 36.45273777]
 [ 40.05949718]
 [ 39.12251724]
 [ 40.96357387]
 [ 39.26939752]
 [ 38.38142355]
 [ 39.26003552]
 [ 41.84134449]
 [ 39.22844409]
 [ 39.04908493]
 [ 42.19004248]
 [ 41.69446377]
 [ 40.37203226]
 [ 38.65029977]
 [ 40.02915556]
 [ 39.66811032]
 [ 41.23132646]
 [ 24.15310491]
 [ 23.53855304]
 [ 24.49386623]
 [ 27.05031137]
 [ 21.76985213]
 [ 26.6380984 ]
 [ 20.98808939]
 [ 26.64730974]
 [ 20.9912327 ]
 [ 28.06164506]
 [ 26.80489847]
 [ 26.19017013]
 [ 17.59256419]
 [ 25.58254859]
 [ 24.77255613]
 [ 22.79874876]
 [ 26.17710471]
 [ 27.51359085]
 [ 28.84427022]
 [ 30.61309302]
 [ 24.46660469]
 [ 27.46823518]
 [ 24.42277214]
 [ 26.41273545]
 [ 26.00079219]
 [ 25.61917006]
 [ 30.17375305]
 [ 20.45216119]
 [ 26.94015172]
 [ 22.29626323]
 [ 20.0101316 ]
 [ 22.62803044]
 [ 24.95449336]
 [ 28.0890508 ]
 [ 25.06552302]
 [ 25.66942273]
 [ 25.88885   ]
 [ 22.6484233 ]
 [ 29.25594366]
 [ 27.82267189]
 [ 28.17040979]
 [ 22.76620818]
 [ 27.0420176 ]
 [ 24.90328997]
 [ 25.08640823]
 [ 31.60275922]
 [ 25.58540936]
 [ 29.35127239]
 [ 28.25605847]
 [ 28.55272012]
 [ 28.03170842]
 [ 27.02906925]
 [ 25.61455725]
 [ 30.73607036]
 [ 28.54502559]
 [ 19.67701549]
 [ 25.08827992]
 [ 24.65755111]
 [ 23.21078247]
 [ 18.15625758]
 [ 20.34638812]
 [ 23.04408442]
 [ 25.71082881]
 [ 27.86356239]
 [ 24.92995034]
 [ 26.27976068]
 [ 32.44210231]
 [ 31.33603708]
 [ 27.24928107]
 [ 26.68683637]
 [ 27.15833963]
 [ 25.82143563]
 [ 23.35423254]
 [ 31.44423151]
 [ 20.57783558]
 [ 23.08358909]
 [ 27.6981167 ]
 [ 26.08477467]
 [ 27.5952532 ]
 [ 28.63171884]
 [ 30.19776149]
 [ 26.70093359]
 [ 21.89044104]
 [ 27.61825857]
 [ 26.41271797]
 [ 22.05099095]
 [ 24.66757028]
 [ 28.20078392]
 [ 28.15508413]
 [ 24.64810775]
 [ 23.30180732]
 [ 23.85953193]
 [ 27.86171633]
 [ 22.2749089 ]
 [ 25.16262897]
 [ 26.85670358]
 [ 25.48333697]
 [ 24.84734424]
 [ 35.11007755]
 [ 25.00472119]
 [ 26.26972699]
 [ 27.39011351]
 [ 29.58702228]
 [ 30.92300181]
 [ 22.66093438]
 [ 24.18068126]
 [ 28.20543213]
 [ 31.02779586]
 [ 26.51700593]
 [ 27.24233269]
 [ 23.75890651]
 [ 28.09117353]
 [ 23.30595858]
 [ 23.36893599]
 [ 24.98260972]
 [ 26.13965165]
 [ 29.1699725 ]
 [ 25.78258266]
 [ 23.12937254]
 [ 26.04050215]
 [ 31.82044462]
 [ 28.80683415]
 [ 24.90246601]
 [ 28.93165946]
 [ 27.77837609]
 [ 30.47492445]
 [ 27.06578715]
 [ 27.57532004]
 [ 29.67806369]
 [ 29.08924911]
 [ 27.83627334]
 [ 27.8210602 ]
 [ 27.20692529]
 [ 30.12335434]
 [ 25.83529555]
 [ 27.72190328]
 [ 28.46431142]
 [ 28.45048779]
 [ 24.97424418]
 [ 24.53986524]
 [ 20.80648749]
 [ 23.09822777]
 [ 23.1960207 ]
 [ 23.10055539]
 [ 23.68702373]
 [ 28.38998869]
 [ 23.56372975]
 [ 24.79278023]
 [ 23.20419915]
 [ 26.13068649]
 [ 26.46312369]
 [ 26.70682362]
 [ 25.31933125]
 [ 26.27750767]
 [ 25.94965507]
 [ 28.13270295]
 [ 23.95017552]
 [ 26.53311548]
 [ 27.65844495]
 [ 25.3308864 ]
 [ 26.74234104]
 [ 30.59448055]
 [ 27.61202984]
 [ 29.9866874 ]
 [ 28.15870786]]

The errors:
[[-16.68283204]
 [-18.17348044]
 [-15.30266224]
 [-14.19982894]
 [-14.8386095 ]
 [-13.03242858]
 [-13.26999065]
 [-11.154204  ]
 [ -8.15502631]
 [ -6.27625472]
 [ -7.54964918]
 [ -7.0093139 ]
 [ -6.62721421]
 [ -6.52853504]
 [ -6.12695051]
 [ -5.13854014]
 [ -7.25368956]
 [-21.04266006]
 [-20.35711198]
 [-17.58016883]
 [-16.77842934]
 [-14.82236969]
 [-14.75644788]
 [-12.6705311 ]
 [-12.90892825]
 [ -7.28909031]
 [ -7.97628435]
 [ -8.55999432]
 [ -6.69261768]
 [ -7.04961205]
 [ -5.84410796]
 [ -7.25139329]
 [ -6.49654513]
 [ -5.1229796 ]
 [-20.78086979]
 [-19.22641207]
 [-17.38415923]
 [-15.45123353]
 [-17.13435693]
 [-14.94767245]
 [-12.78879875]
 [-13.61678945]
 [ -6.86351696]
 [ -8.21666268]
 [ -7.25890617]
 [ -7.59163997]
 [ -7.01341876]
 [ -8.36166658]
 [ -7.82384291]
 [ -6.75451306]
 [ -6.39581016]
 [-19.1139913 ]
 [-17.55325722]
 [-18.28758955]
 [-14.96724167]
 [-16.24014414]
 [-16.69566023]
 [-12.80280384]
 [-10.20498513]
 [ -7.59739229]
 [ -8.26980135]
 [ -7.04110085]
 [ -6.74342134]
 [ -7.91664013]
 [ -3.77344442]
 [ -5.41211278]
 [ -6.85429368]
 [ -6.23227128]
 [-19.62671802]
 [-16.79134492]
 [-16.31140074]
 [-16.40031859]
 [-15.88124144]
 [-11.83870903]
 [ -9.92143287]
 [ -8.86167877]
 [ -7.22407638]
 [ -6.37937467]
 [ -3.40543126]
 [ -3.35308288]
 [ -3.64049463]
 [ -5.19078642]
 [ -5.45792017]
 [ -5.21703478]
 [ -5.67648872]
 [-17.86176852]
 [-17.3062409 ]
 [-18.05725557]
 [-15.6731684 ]
 [-14.40963631]
 [-12.92069896]
 [-10.28138688]
 [-10.89598154]
 [ -5.09078354]
 [ -5.52576698]
 [ -5.30631897]
 [ -4.54891161]
 [ -4.77911676]
 [ -5.40910281]
 [ -5.94084318]
 [ -6.0084212 ]
 [ -4.9555159 ]
 [ -6.81336072]
 [ -8.04982382]
 [ -7.02655598]
 [ -7.30238204]
 [ -7.35734867]
 [ -7.05824923]
 [ -8.0227541 ]
 [ -9.1943311 ]
 [ -6.08831786]
 [ -5.92599828]
 [ -9.30019754]
 [ -8.14378563]
 [ -9.34367231]
 [ -9.14391334]
 [-11.2239271 ]
 [ -9.28544904]
 [-11.42199882]
 [-10.61785558]
 [-15.15384725]
 [ -9.01895923]
 [-10.25158728]
 [-10.46276978]
 [ -8.84677141]
 [ -8.75845889]
 [ -5.36020538]
 [ -6.43973599]
 [ -5.53848688]
 [ -7.71804989]
 [ -7.39457495]
 [ -7.23690817]
 [-10.99918621]
 [ -7.26584155]
 [ -8.64953735]
 [-10.59652061]
 [ -8.87245218]
 [ -8.75186466]
 [-11.24860874]
 [ -9.15778037]
 [-11.45724199]
 [ -7.48571906]
 [-18.41622804]
 [ -9.71164495]
 [-11.07347726]
 [ -8.85434748]
 [ -6.22082998]
 [ -8.85590045]
 [ -8.60466879]
 [ -5.30129251]
 [ -7.88074702]
 [ -5.94691991]
 [ -8.21790697]
 [ -6.97790183]
 [-10.17771218]
 [ -7.94202306]
 [ -7.95799421]
 [ -6.28708276]
 [ -7.86163227]
 [ -6.77908132]
 [-11.0508932 ]
 [-11.57369156]
 [ -5.93668134]
 [ -8.05036924]
 [ -7.64733865]
 [ -8.4376821 ]
 [ -7.47320819]
 [-12.12927055]
 [ -7.66310034]
 [ -7.01208412]
 [ -7.36444368]
 [ -8.25392033]
 [ -7.7073231 ]
 [ -8.33861586]
 [ -6.87319922]
 [ -7.75498634]
 [ -7.1912945 ]
 [ -8.77794162]
 [ -6.32071163]
 [-10.54047446]
 [-12.45833855]
 [ -9.71543426]
 [ -8.696692  ]
 [ -9.03318059]
 [-13.21142142]
 [ -9.07633768]
 [ -9.3234883 ]
 [-14.59285298]
 [ -9.62523873]
 [-16.39620228]
 [ -7.11853247]
 [ -6.23476382]
 [-10.34414457]
 [ -7.68053182]
 [ -8.58989594]
 [ -9.61116593]
 [ -8.85192408]
 [ -6.793698  ]
 [-11.68959192]
 [ -9.09465262]
 [-10.05885507]
 [-13.57701353]
 [ -8.65242391]
 [ -7.42512005]
 [ -8.55440614]
 [ -9.38455309]
 [-10.23500095]
 [-11.80803398]
 [ -8.7627762 ]
 [ -9.23803068]
 [-10.13135124]
 [ -8.44173156]
 [ -8.61737482]
 [ -5.89414719]
 [ -7.48214527]
 [ -8.270211  ]
 [ -7.42169778]
 [ -7.60917234]
 [ -7.56180354]
 [-11.73933266]
 [ -8.55510489]
 [-10.16808642]
 [-10.93341426]
 [-11.74223739]
 [ -7.73499816]
 [ -9.42286225]
 [ -8.06748186]
 [-10.74955339]
 [-12.88479037]
 [ -9.63129679]
 [ -8.38798338]
 [ -8.22532287]
 [ -9.20358852]
 [ -9.15849   ]
 [ -9.51698282]
 [-12.6225987 ]
 [  7.42737781]
 [-18.27459998]
 [-21.36961357]
 [-20.67272246]
 [-33.03895722]
 [-10.27815002]
 [-18.35353504]
 [-16.04660821]
 [-21.58423868]
 [-23.32534685]
 [-22.34197737]
 [-30.9550168 ]
 [-13.79002516]
 [-21.77251913]
 [-35.27151477]
 [-43.0534014 ]
 [-37.7024197 ]
 [-22.10841993]
 [-28.95092379]
 [-18.69582423]
 [-25.50192152]
 [-27.56059546]
 [-27.6114066 ]
 [ -5.33421824]
 [-23.56198181]
 [ -8.26822381]
 [ -7.70195842]
 [-24.91246159]
 [-16.76484656]
 [-12.0690125 ]
 [-38.3541216 ]
 [-17.78161706]
 [-23.56498783]
 [-27.93581472]
 [-11.68011587]
 [-33.36111322]
 [-16.99054123]
 [-33.14053954]
 [-23.83381072]
 [-18.36383645]
 [-24.13079634]
 [-40.87771138]
 [-27.98087189]
 [-15.67963079]
 [-23.50537471]
 [-43.54030164]
 [-20.82828718]
 [-25.04572975]
 [-17.13034635]
 [-17.48727795]
 [-25.0768509 ]
 [-11.56608808]
 [-16.96212087]
 [-39.46274871]
 [-11.03365677]
 [-24.19214886]
 [-43.12682263]
 [-26.15477561]
 [-20.77202149]
 [-18.22286126]
 [-35.33791956]
 [-42.49826571]
 [-29.55859662]
 [-22.2700537 ]
 [-14.67342076]
 [-24.338198  ]
 [-27.96862397]
 [-14.7951023 ]
 [-17.18817433]
 [-12.78808021]
 [-11.60574271]
 [-28.24575903]
 [-16.13918516]
 [-17.52106603]
 [-16.92600058]
 [ -8.18735415]
 [-19.41065418]
 [-27.42600141]
 [-13.66088809]
 [-12.4242454 ]
 [ -7.76874103]
 [-27.71253658]
 [-24.78864988]
 [ -8.70685548]
 [-15.43633894]
 [-21.55082352]
 [-20.6694051 ]
 [-26.42288126]
 [-12.23263462]
 [ -7.82061187]
 [-12.29596269]
 [-18.15199666]
 [-30.76006708]
 [-23.50112688]
 [-28.85439912]
 [-19.77562343]
 [-42.67004369]
 [-27.2998217 ]
 [-26.49999218]
 [-25.27879751]
 [-30.23599635]
 [-32.57564097]
 [-17.86532396]
 [-30.43180845]
 [-21.17362394]
 [-36.69225816]
 [ -9.12244251]
 [-24.6766256 ]
 [-15.67841076]
 [-15.0302606 ]
 [-24.00308888]
 [-33.10455965]
 [-32.54001197]
 [-11.87645587]
 [-19.92413736]
 [-28.26775474]
 [-25.29419583]
 [-15.97926408]
 [-28.95477957]
 [-14.46070577]
 [-18.3224249 ]
 [-23.8354956 ]
 [-33.31605933]
 [-21.47973306]
 [-13.02913292]
 [-34.16725585]
 [-24.1348202 ]
 [-11.65439255]
 [ -6.96713786]
 [-15.12517082]
 [-27.62554737]
 [-32.12365274]
 [-17.34934493]
 [-15.04202172]
 [-17.25436011]
 [-15.67839029]
 [-15.22609122]
 [-20.27444362]
 [-19.83130506]
 [-17.85040543]
 [-20.84751367]
 [-22.02860092]
 [-16.50004082]
 [-23.23858931]
 [-20.54133042]
 [-21.2662872 ]
 [-21.85401483]
 [-22.77644421]
 [-22.22128946]
 [-21.01316912]
 [-24.20409899]
 [-23.31180188]
 [-20.97958109]
 [-34.9602875 ]
 [-13.94135496]
 [-20.2056945 ]
 [-14.85598883]
 [-21.11474006]
 [-17.62077206]
 [-18.40577867]
 [-17.02507089]
 [-20.7004365 ]
 [-19.16998003]
 [-22.14260743]
 [-20.00269475]
 [-17.57197124]
 [-20.18172416]
 [-21.9828148 ]
 [-21.65353151]
 [-25.8293006 ]
 [-22.22442153]
 [-24.04425531]
 [-23.21347117]
 [-20.37329644]
 [-21.97842563]
 [-23.85545013]
 [-23.42293202]
 [-20.18984141]
 [-25.03942   ]
 [-10.62538181]
 [-16.22836179]
 [-16.15505204]
 [-17.35250179]
 [-17.64780154]
 [-35.20214209]
 [-18.40034801]
 [-20.13787169]
 [-20.74992393]
 [-16.46637633]
 [-21.9591568 ]
 [-22.11610841]
 [-22.07372143]
 [-21.0394079 ]
 [-22.53485385]
 [-23.06840999]
 [-23.77906644]
 [-23.39100701]
 [-23.29906661]
 [-23.00926384]
 [-24.80284543]
 [-14.84506648]
 [-16.78909993]
 [-13.88245206]
 [-32.53966149]
 [-16.48089704]
 [-15.81535356]
 [-18.62238479]
 [-34.28015506]
 [-18.42605446]
 [-19.1927224 ]
 [-18.7281785 ]
 [-19.75750094]
 [-20.78110612]
 [-20.78277835]
 [-21.30066372]
 [-22.34984001]
 [-19.02089777]
 [-23.09915108]
 [-23.19887413]
 [-24.30954766]
 [-22.90056749]
 [-24.24580279]
 [-20.37696919]
 [-15.37775623]
 [-22.09001256]
 [-13.42472965]
 [-14.54251436]
 [-17.08104501]
 [-16.1256241 ]
 [-16.1556363 ]
 [-19.37438104]
 [-17.77269787]
 [-19.77559802]
 [-21.41829837]
 [-20.32369607]
 [-21.33612363]
 [-20.86043517]
 [-20.82183796]
 [-21.94527472]
 [-22.43637667]
 [-22.95185801]
 [-22.23404562]
 [-22.90255246]
 [-22.15488927]
 [-23.50846685]
 [-12.23838574]
 [-22.78093562]
 [-14.4905595 ]
 [-25.13670778]
 [-14.43269749]
 [-15.73475615]
 [-14.71985921]
 [-17.22428507]
 [-17.32278017]
 [-19.53074024]
 [-19.55699898]
 [-17.78557504]
 [-20.85546866]
 [-20.78618892]
 [-22.26970497]
 [-22.54522805]
 [-21.73700855]
 [-22.24017019]
 [-21.86627331]
 [-22.37342955]
 [-23.45156082]
 [-23.46835246]
 [-21.87318785]
 [-21.89802183]
 [ 18.78998697]
 [ 14.23096432]
 [ 13.89766136]
 [ 16.24436981]
 [ 14.67339346]
 [ 15.21763457]
 [ 18.26595165]
 [ 12.22541497]
 [ 14.17857192]
 [ 16.35806629]
 [ 16.0118399 ]
 [ 16.07282741]
 [ 11.70279346]
 [ 15.88548004]
 [ 16.24837825]
 [ 16.91729185]
 [ 19.38558249]
 [ 17.53495645]
 [ 18.13176051]
 [ 13.18160556]
 [ 15.58824152]
 [ 11.64959544]
 [ 17.75474652]
 [ 16.25015382]
 [ 14.83586009]
 [ 14.04094806]
 [ 13.20923357]
 [ 14.83358384]
 [ 12.48639516]
 [ 14.32891906]
 [ 12.41725907]
 [ 19.62226452]
 [ 13.79184498]
 [ 15.0051451 ]
 [ 15.08834259]
 [ 15.53771694]
 [  8.13287818]
 [ 19.27662159]
 [ 16.11501849]
 [ 16.2175788 ]
 [ 17.95977801]
 [ 15.87240656]
 [ 16.94343997]
 [ 15.03336117]
 [ 14.79800904]
 [ 18.89243334]
 [ 15.18004925]
 [ 16.58277324]
 [ 15.67149107]
 [ 17.85288925]
 [ 11.08146131]
 [ 15.41159224]
 [ 16.4136796 ]
 [ 14.9567349 ]
 [ 17.45777842]
 [ 13.83670204]
 [ 15.766263  ]
 [  3.51134569]
 [ 15.9418908 ]
 [ 14.85540738]
 [ 15.91245075]
 [ 15.82516723]
 [ 14.90367133]
 [ 16.90583177]
 [ 17.27092333]
 [ 17.47224216]
 [ 19.11488743]
 [ 19.49375891]
 [ 17.49142219]
 [ 18.53022438]
 [ 19.56047902]
 [ 14.69654385]
 [  8.61414634]
 [ 15.72491142]
 [ 15.06064167]
 [ 15.39039605]
 [ 15.39043492]
 [  9.32840747]
 [ 16.13604702]
 [ 15.07743538]
 [ 12.7119528 ]
 [ 13.83961656]
 [ 15.30932577]
 [ 17.47706321]
 [  8.69253352]
 [ 18.03823957]
 [ 15.78810606]
 [ 20.32197832]
 [ 16.89889988]
 [ 19.30275973]
 [ 17.31286901]
 [ 21.19354545]
 [ 20.89763313]
 [ 18.74891277]
 [ 14.7634833 ]
 [ 16.18212174]
 [ 14.36345501]
 [ 10.74225234]
 [ 16.51521732]
 [ 15.01293314]
 [ 15.33809325]
 [ 12.40033196]
 [ 12.81488067]
 [ 17.87041243]
 [ 11.49460386]
 [ 14.6299219 ]
 [ 14.63277879]
 [ 16.3885545 ]
 [  5.74955601]
 [ 16.51051695]
 [ 15.82428228]
 [ 16.47798965]
 [ 17.2584358 ]
 [ 16.2666679 ]
 [ 18.47976287]
 [ 20.36913069]
 [ 20.84853474]
 [ 21.75033366]
 [ 15.8272004 ]
 [ 15.27451092]
 [ 15.63532503]
 [ 13.58619226]
 [ 14.30791045]
 [ 16.20431483]
 [ 14.24454222]
 [ 12.56742354]
 [ 15.63427832]
 [ 15.24474594]
 [ 15.99905216]
 [ 15.54653495]
 [ 13.86097547]
 [ 14.152647  ]
 [ 17.42544831]
 [ 15.53281347]
 [ 14.78762081]
 [ 18.6291002 ]
 [ 17.6384682 ]
 [ 15.52732022]
 [ 16.25312182]
 [ 17.39493947]
 [ 17.97644544]
 [ 17.33856457]
 [-12.11617567]
 [-12.12595481]
 [-12.91080569]
 [-11.03576868]
 [-14.84518854]
 [-12.97429359]
 [-18.08490336]
 [-13.78589226]
 [-17.74147936]
 [-12.72293999]
 [-14.70156396]
 [-14.46029121]
 [-22.98749234]
 [-17.72182384]
 [-18.94227799]
 [-23.25273577]
 [-13.31270929]
 [-17.40126906]
 [-16.22340497]
 [-13.94821444]
 [-19.6720659 ]
 [-15.83487462]
 [-15.98269254]
 [-15.65894496]
 [-17.61611353]
 [-14.16199976]
 [-10.65227   ]
 [-13.66834435]
 [ -9.52193509]
 [-12.70627394]
 [-15.96561864]
 [-14.03072947]
 [-13.06394952]
 [-11.59513456]
 [-14.51979505]
 [-15.21716881]
 [-14.84478149]
 [-18.64831377]
 [-11.62895898]
 [-14.73939201]
 [-15.70751572]
 [-20.75082068]
 [-17.7161742 ]
 [-12.36438005]
 [-18.86261118]
 [-13.77458423]
 [-17.80896996]
 [-15.47906259]
 [-13.98956611]
 [-13.57050968]
 [-15.10261333]
 [-15.8551333 ]
 [-15.73410922]
 [-11.21244503]
 [-11.98262755]
 [-14.39740137]
 [-10.58262392]
 [-11.60611888]
 [-12.87890912]
 [-17.78239382]
 [-17.91555849]
 [-15.06418134]
 [-14.01285965]
 [-11.53798762]
 [-14.81310291]
 [-15.00035718]
 [-10.72516718]
 [-12.29976222]
 [-16.62906172]
 [-15.43974645]
 [-18.06589635]
 [-11.4079388 ]
 [-21.6272359 ]
 [-13.07177215]
 [-23.94558633]
 [-19.94778654]
 [-15.95562308]
 [-17.79696938]
 [-15.36987621]
 [-12.2816331 ]
 [-13.09099665]
 [-14.29685858]
 [-13.74286618]
 [ -9.99831891]
 [-10.80353021]
 [-15.78722587]
 [-13.26225293]
 [-11.09425196]
 [-11.19209191]
 [-13.43447262]
 [-14.84997335]
 [-16.4532859 ]
 [-13.83791774]
 [-16.82257269]
 [-16.66707758]
 [-16.42640691]
 [-18.18847977]
 [-20.64249519]
 [ -6.05740745]
 [-18.9328961 ]
 [-16.59301331]
 [-15.69467434]
 [-14.48978419]
 [-13.07506593]
 [-19.36238163]
 [-18.36734113]
 [-15.1910824 ]
 [-11.51133659]
 [-14.24585624]
 [-11.7829651 ]
 [-10.6567609 ]
 [-10.12937758]
 [-13.17517263]
 [-13.34432451]
 [-11.33514422]
 [-11.53736841]
 [-11.03608179]
 [-13.21717507]
 [-15.1800536 ]
 [-13.33615638]
 [-12.1759558 ]
 [-14.65445979]
 [-17.20476115]
 [-15.71949604]
 [-18.72235127]
 [-15.88855416]
 [-11.54311031]
 [-16.27221175]
 [-14.71808902]
 [-14.7474308 ]
 [-16.41105482]
 [-14.01595169]
 [-14.04344843]
 [-13.97519227]
 [-19.33603147]
 [-13.6071347 ]
 [-12.74324561]
 [-13.43689396]
 [ -9.90049753]
 [-11.51133301]
 [-14.36567176]
 [-13.36399294]
 [-14.53487469]
 [-14.92604511]
 [-15.31700899]
 [-12.34552839]
 [-14.41888489]
 [-14.69969206]
 [-16.58568163]
 [-14.78646367]
 [-15.8813001 ]
 [-17.32358435]
 [-18.59626976]
 [-19.97916445]
 [-13.19481798]
 [-16.5669962 ]
 [-18.28541973]
 [-17.37309995]
 [-14.10432827]
 [-16.9600714 ]
 [-16.16780303]
 [-13.13085521]
 [-13.35865619]
 [-12.85042192]
 [-12.47556413]]

The RMSE(root mean squared error) is:
16.5698852673
