---results---

The params:
[[  4.53533614e+01]
 [  2.01093555e-01]
 [  3.51393373e-07]
 [  1.60635093e-02]
 [ -2.23871936e+02]
 [ -4.04122974e+04]
 [  5.73418117e+04]
 [ -8.15920097e+02]
 [ -1.85324334e+04]
 [ -5.80761946e+01]
 [  2.93906105e+00]
 [ -4.78332683e+04]
 [  3.23986703e+02]
 [ -4.00248879e+01]
 [  1.58540891e+04]
 [ -5.05215238e+01]
 [ -2.76774153e-01]
 [  1.80093669e+01]
 [ -5.86492407e+01]
 [  2.23595315e+01]]

The regress value of test data:
[[ 27.35699105]
 [ 25.79238314]
 [ 28.45166917]
 [ 22.76224316]
 [ 23.09241006]
 [ 22.91380407]
 [ 25.7668294 ]
 [ 24.9866724 ]
 [ 24.75991681]
 [ 25.88670899]
 [ 20.635584  ]
 [ 25.5428962 ]
 [ 24.41976809]
 [ 24.11777622]
 [ 23.6479634 ]
 [ 26.08369327]
 [ 23.89746508]
 [ 23.23614469]
 [ 22.29614366]
 [ 32.57247369]
 [ 24.68770217]
 [ 28.1325676 ]
 [ 26.86453629]
 [ 25.0238436 ]
 [ 26.91358852]
 [ 20.31536647]
 [ 29.70653304]
 [ 25.43261142]
 [ 24.07865676]
 [ 27.57453099]
 [ 24.30392665]
 [ 21.68103151]
 [ 28.35469292]
 [ 24.41169359]
 [ 22.69874986]
 [ 27.57521218]
 [ 22.94016219]
 [ 27.2985309 ]
 [ 24.44382128]
 [ 24.76783937]
 [ 24.30794717]
 [ 32.06863479]
 [ 27.33615266]
 [ 23.08338684]
 [ 27.43298673]
 [ 23.51012771]
 [ 23.44468837]
 [ 23.67715662]
 [ 25.22425351]
 [ 24.58248082]
 [ 31.16969835]
 [ 27.06090226]
 [ 26.70599591]
 [ 22.20210193]
 [ 24.24271982]
 [ 24.74103076]
 [ 21.9946512 ]
 [ 24.3707862 ]
 [ 26.1833454 ]
 [ 24.2657429 ]
 [ 22.6456797 ]
 [ 23.06331803]
 [ 23.36692591]
 [ 34.61827276]
 [ 22.92179471]
 [ 25.32998868]
 [ 24.80718359]
 [ 23.88667825]
 [ 22.58776874]
 [ 23.86656159]
 [ 23.85311947]
 [ 24.52406561]
 [ 25.99658831]
 [ 23.86622575]
 [ 22.95136771]
 [ 23.94865202]
 [ 22.93493981]
 [ 23.99433731]
 [ 26.60532791]
 [ 23.09414372]
 [ 24.5882518 ]
 [ 23.68697308]
 [ 22.49277327]
 [ 23.7237366 ]
 [ 30.18317024]
 [ 25.53760618]
 [ 25.52205608]
 [ 25.402282  ]
 [ 24.36272034]
 [ 24.76507317]
 [ 22.41865001]
 [ 24.89753206]
 [ 24.53133936]
 [ 25.84243487]
 [ 27.04255033]
 [ 26.38167924]
 [ 25.18451181]
 [ 24.96497053]
 [ 24.61053376]
 [ 22.87629854]
 [ 23.79012482]
 [ 24.03567835]
 [ 26.53937402]
 [ 24.60162378]
 [ 25.39841966]
 [ 24.05648223]
 [ 30.60838398]
 [ 25.88581543]
 [ 27.58456279]
 [ 24.78113589]
 [ 24.37876102]
 [ 25.67824563]
 [ 21.39817468]
 [ 25.97820673]
 [ 24.26181353]
 [ 24.93897075]
 [ 24.84561764]
 [ 26.20176548]
 [ 23.06853097]
 [ 24.39376089]
 [ 24.76174264]
 [ 23.69872501]
 [ 22.7931992 ]
 [ 23.77220446]
 [ 26.67423515]
 [ 26.23673766]
 [ 24.30410162]
 [ 24.53762028]
 [ 31.69257028]
 [ 24.7928002 ]
 [ 26.18641796]
 [ 24.99213596]
 [ 24.99116867]
 [ 24.53270619]
 [ 28.37720505]
 [ 24.70881341]
 [ 24.87813912]
 [ 26.61691206]
 [ 29.23963653]
 [ 23.44499192]
 [ 27.64781671]
 [ 24.01725349]
 [ 25.76175066]
 [ 23.99796392]
 [ 29.64180327]
 [ 26.55400028]
 [ 26.92292545]
 [ 28.74318498]
 [ 29.56440757]
 [ 29.28682538]
 [ 26.78881958]
 [ 27.93484552]
 [ 24.26371279]
 [ 27.90970593]
 [ 28.43352632]
 [ 26.26851505]
 [ 22.44699183]
 [ 22.20712858]
 [ 21.76977557]
 [ 21.40849478]
 [ 19.37682417]
 [ 22.25619605]
 [ 21.26621996]
 [ 21.74894338]
 [ 23.93730273]
 [ 22.01902824]
 [ 23.12547251]
 [ 21.36513733]
 [ 20.83866159]
 [ 22.69933333]
 [ 22.24641727]
 [ 24.10348053]
 [ 23.66102108]
 [ 23.36694659]
 [ 23.54407163]
 [ 22.4867379 ]
 [ 23.47816229]
 [ 26.20038714]
 [ 27.00583351]
 [ 23.43981619]
 [ 24.45591204]
 [ 20.90377383]
 [ 22.43113053]
 [ 22.06901875]
 [ 22.4136548 ]
 [ 18.79536742]
 [ 17.01519242]
 [ 19.55953416]
 [ 19.69499841]
 [ 18.51915944]
 [ 19.79271729]
 [ 22.16825366]
 [ 21.78391284]
 [ 22.597162  ]
 [ 21.90310928]
 [ 20.64209608]
 [ 19.65603801]
 [ 19.04661497]
 [ 20.46815861]
 [ 23.11915018]
 [ 24.02009724]
 [ 23.02313688]
 [ 20.61950127]
 [ 21.25358007]
 [ 24.39554128]
 [ 22.51338793]
 [ 23.21633856]
 [ 24.47921115]
 [ 22.2509424 ]
 [ 19.65606072]
 [ 27.2502746 ]
 [ 23.41206456]
 [ 20.97810167]
 [ 19.94449569]
 [ 23.16387351]
 [ 23.94052342]
 [ 21.65244092]
 [ 24.77735601]
 [ 22.15672099]
 [ 19.5679459 ]
 [ 23.44264015]
 [ 23.45803311]
 [ 23.52515065]
 [ 23.08442448]
 [ 21.20328915]
 [ 24.11803081]
 [ 21.8564917 ]
 [ 28.62934555]
 [ 29.59837968]
 [ 26.2783262 ]
 [ 28.69327391]
 [ 29.53757013]
 [ 24.88487578]
 [ 23.45363768]
 [ 27.31571219]
 [ 23.42671538]
 [ 23.86765093]
 [ 24.42726363]
 [ 23.09823108]
 [ 24.79128027]
 [ 23.14184559]
 [ 21.02083328]
 [ 25.57150917]
 [ 24.05758797]
 [ 26.12045797]
 [ 25.67494157]
 [ 24.85615347]
 [ 25.8505562 ]
 [ 27.20952148]
 [ 23.26236075]
 [ 23.88761696]
 [ 21.1227067 ]
 [ 25.53954047]
 [ 25.82523228]
 [ 25.27199492]
 [ 30.43479333]
 [ 27.50102456]
 [ 26.84421981]
 [ 27.83568707]
 [ 26.62863792]
 [ 27.09460877]
 [ 29.0037276 ]
 [ 24.26478393]
 [ 27.85922436]
 [ 26.48843388]
 [ 24.11103746]
 [ 25.20537067]
 [ 27.71649286]
 [ 24.78676761]
 [ 26.49697086]
 [ 24.16929788]
 [ 26.34381946]
 [ 26.45239641]
 [ 23.24423467]
 [ 25.61061003]
 [ 24.99798261]
 [ 26.53309786]
 [ 27.76677841]
 [ 24.58916948]
 [ 26.10716006]
 [ 26.40767986]
 [ 26.5183145 ]
 [ 29.03529613]
 [ 27.57441318]
 [ 26.97979928]
 [ 28.46018536]
 [ 25.24026053]
 [ 27.86896493]
 [ 25.77333805]
 [ 25.83201147]
 [ 25.47971292]
 [ 23.34544592]
 [ 24.96065512]
 [ 32.67935823]
 [ 21.78214398]
 [ 25.27104888]
 [ 23.07885954]
 [ 26.10519822]
 [ 24.28244645]
 [ 22.79693779]
 [ 23.82773028]
 [ 27.62816502]
 [ 25.33114978]
 [ 23.70883483]
 [ 22.32685479]
 [ 28.67211646]
 [ 31.35320375]
 [ 29.50453355]
 [ 24.09115242]
 [ 28.15387086]
 [ 24.99631543]
 [ 27.98532417]
 [ 27.66847707]
 [ 25.60075209]
 [ 27.91482856]
 [ 28.09483537]
 [ 29.49450415]
 [ 27.81238202]
 [ 22.52776041]
 [ 25.74711057]
 [ 31.94917157]
 [ 20.29168976]
 [ 24.31239295]
 [ 21.9127949 ]
 [ 24.01881806]
 [ 24.31072118]
 [ 22.14438975]
 [ 23.89499771]
 [ 24.75926773]
 [ 25.18998445]
 [ 24.03188816]
 [ 23.25969195]
 [ 27.2117286 ]
 [ 27.55943078]
 [ 29.78825427]
 [ 25.52517187]
 [ 28.22790266]
 [ 25.00293141]
 [ 26.19595012]
 [ 26.33798152]
 [ 25.62886284]
 [ 26.00325134]
 [ 28.6339801 ]
 [ 25.82340268]
 [ 29.59500992]
 [ 28.59886593]
 [ 24.17994568]
 [ 26.40103606]
 [ 25.6853073 ]
 [ 21.17040294]
 [ 23.86821102]
 [ 21.58546659]
 [ 24.70675525]
 [ 24.18837038]
 [ 21.65902585]
 [ 21.31931929]
 [ 26.28238805]
 [ 23.39345236]
 [ 21.72857659]
 [ 24.5087726 ]
 [ 26.05260578]
 [ 28.57827406]
 [ 26.7761514 ]
 [ 27.48156109]
 [ 25.53669832]
 [ 26.93393184]
 [ 25.56115255]
 [ 29.48729203]
 [ 24.6116892 ]
 [ 25.46929193]
 [ 27.41686533]
 [ 30.93741683]
 [ 28.05744989]
 [ 26.38872933]
 [ 22.38765428]
 [ 28.92658474]
 [ 26.17996219]
 [ 23.58833476]
 [ 23.32138759]
 [ 22.01837971]
 [ 22.72151167]
 [ 22.46536532]
 [ 24.63621858]
 [ 24.0114361 ]
 [ 23.77856355]
 [ 25.52858067]
 [ 25.91837419]
 [ 23.4605464 ]
 [ 26.84811522]
 [ 24.33547472]
 [ 29.22394157]
 [ 26.07677641]
 [ 24.5833057 ]
 [ 25.71125388]
 [ 23.17228113]
 [ 27.6118624 ]
 [ 30.14720618]
 [ 26.60905293]
 [ 26.30911178]
 [ 26.93817019]
 [ 25.37743766]
 [ 31.43785045]
 [ 28.39664198]
 [ 26.27688014]
 [ 23.48280818]
 [ 24.05043322]
 [ 27.32838658]
 [ 23.79106795]
 [ 25.34352924]
 [ 25.70158784]
 [ 22.75566085]
 [ 24.63563166]
 [ 27.34407047]
 [ 27.00117429]
 [ 26.76026935]
 [ 25.87702318]
 [ 24.72269514]
 [ 26.46289028]
 [ 29.60507772]
 [ 30.04130991]
 [ 26.8574558 ]
 [ 28.64133569]
 [ 25.64381263]
 [ 27.52626775]
 [ 30.87751453]
 [ 29.09981947]
 [ 28.96902116]
 [ 29.11039258]
 [ 23.68953991]
 [ 28.14519191]
 [ 29.30286255]
 [ 24.8765314 ]
 [ 24.4801646 ]
 [ 24.28574191]
 [ 25.68170754]
 [ 23.75991384]
 [ 25.68196212]
 [ 25.87659935]
 [ 24.76931872]
 [ 24.93267445]
 [ 24.99716843]
 [ 28.12296001]
 [ 28.46734046]
 [ 25.13259269]
 [ 30.67152724]
 [ 27.75587475]
 [ 27.60646099]
 [ 26.12206668]
 [ 25.17730407]
 [ 27.9146801 ]
 [ 27.65340702]
 [ 29.54342166]
 [ 32.62548103]
 [ 31.37227217]
 [ 28.70328696]
 [ 31.440246  ]
 [ 27.7472141 ]
 [ 29.13942508]
 [ 31.82139255]
 [ 30.31779496]
 [ 29.26294748]
 [ 32.21429104]
 [ 30.87954581]
 [ 31.93114963]
 [ 30.56994519]
 [ 30.63620857]
 [ 31.45524314]
 [ 29.45835063]
 [ 32.88090205]
 [ 30.0100163 ]
 [ 29.9986852 ]
 [ 35.45140163]
 [ 29.27079398]
 [ 34.45396961]
 [ 26.28734593]
 [ 35.16355927]
 [ 29.35203012]
 [ 31.39195679]
 [ 31.10003191]
 [ 25.58680016]
 [ 36.66234217]
 [ 25.04280744]
 [ 24.49164779]
 [ 27.66437247]
 [ 32.66914863]
 [ 30.61462133]
 [ 27.68548378]
 [ 29.66479562]
 [ 30.14677293]
 [ 26.98698232]
 [ 26.29463293]
 [ 30.89429268]
 [ 29.21103714]
 [ 31.9230088 ]
 [ 32.60657576]
 [ 34.48529312]
 [ 30.06693283]
 [ 32.62983726]
 [ 30.74179114]
 [ 34.20929681]
 [ 30.31281649]
 [ 32.1924809 ]
 [ 29.29316603]
 [ 34.37348441]
 [ 30.83968231]
 [ 32.29302812]
 [ 27.31913901]
 [ 30.47105606]
 [ 27.27774137]
 [ 32.1028744 ]
 [ 30.67270366]
 [ 27.66996869]
 [ 29.88972683]
 [ 30.33201479]
 [ 28.10063634]
 [ 28.82784843]
 [ 30.599409  ]
 [ 27.23250843]
 [ 29.08462528]
 [ 30.55890294]
 [ 32.13271563]
 [ 27.7749873 ]
 [ 29.32567547]
 [ 28.7164423 ]
 [ 29.45629234]
 [ 27.12337185]
 [ 28.51735426]
 [ 28.43740161]
 [ 28.29024767]
 [ 30.78307073]
 [ 30.5467948 ]
 [ 27.49062383]
 [ 29.66492459]
 [ 28.80407926]
 [ 29.12729331]
 [ 28.72045946]
 [ 25.73949081]
 [ 31.62949852]
 [ 32.36756171]
 [ 31.73706622]
 [ 29.80833378]
 [ 25.55482145]
 [ 28.1198648 ]
 [ 31.47163639]
 [ 31.00113723]
 [ 30.74010087]
 [ 26.36992909]
 [ 27.24873457]
 [ 30.97332833]
 [ 35.15020601]
 [ 32.81837372]
 [ 25.19465527]
 [ 28.63478037]
 [ 28.70211227]
 [ 26.0274854 ]
 [ 30.98565308]
 [ 31.75723059]
 [ 31.79383656]
 [ 31.47796665]
 [ 32.80705877]
 [ 28.38573921]
 [ 28.99241456]
 [ 32.47641375]
 [ 33.01655334]
 [ 30.71670444]
 [ 27.78514587]
 [ 27.79127157]
 [ 33.71973589]
 [ 35.32460084]
 [ 28.27174815]
 [ 32.76398992]
 [ 31.34141283]
 [ 33.79407467]
 [ 33.47157211]
 [ 33.91607151]
 [ 34.01182298]
 [ 31.12279536]
 [ 30.48834386]
 [ 27.46842596]
 [ 32.40490035]
 [ 36.0127623 ]
 [ 29.43844159]
 [ 34.21173781]
 [ 34.86981942]
 [ 29.30246144]
 [ 31.94499798]
 [ 31.58197686]
 [ 34.48439896]
 [ 35.7191123 ]
 [ 33.48135179]
 [ 31.02082233]
 [ 34.87286242]
 [ 29.44136626]
 [ 31.9814844 ]
 [ 32.92416484]
 [ 34.52984585]
 [ 33.39606521]
 [ 33.89281852]
 [ 36.40295408]
 [ 32.63337894]
 [ 34.4556059 ]
 [ 32.37299486]
 [ 29.53309959]
 [ 32.9797097 ]
 [ 32.6994308 ]
 [ 27.72156072]
 [ 26.89087358]
 [ 27.28179062]
 [ 28.44017646]
 [ 32.56136478]
 [ 27.73383128]
 [ 31.4766677 ]
 [ 27.08447174]
 [ 30.12417798]
 [ 33.34943669]
 [ 26.03401549]
 [ 14.01151525]
 [ 26.56153117]
 [ 26.03477675]
 [ 29.91496269]
 [ 30.13219324]
 [ 22.91087431]
 [ 24.40118235]
 [ 13.68777245]
 [ 28.59102224]
 [ 29.57001973]
 [ 32.03670266]
 [ 24.67281443]
 [ 28.63576723]
 [ 27.21566739]
 [ 26.2992838 ]
 [ 26.954336  ]
 [ 28.92889459]
 [ 27.81752127]
 [ 28.69452036]
 [ 28.14050177]
 [ 25.23984173]
 [ 29.69977436]
 [ 28.06007969]
 [ 28.38103624]
 [ 30.15458444]
 [ 27.86308829]
 [ 28.99273592]
 [ 27.50719944]
 [ 27.46919779]
 [ 25.56614894]
 [ 26.25046003]
 [ 31.14180958]
 [ 27.0119094 ]
 [ 30.51474504]
 [ 28.72409732]
 [ 26.2426337 ]
 [ 27.53150179]
 [ 26.40153542]
 [ 26.52979835]
 [ 26.77779589]
 [ 27.66259577]
 [ 26.02301912]
 [ 26.26844724]
 [ 26.37141368]
 [ 26.01125546]
 [ 29.13948791]
 [ 28.17899144]
 [ 26.8725525 ]
 [ 28.18615849]
 [ 31.8301832 ]
 [ 34.17655357]
 [ 31.3413042 ]
 [ 28.53107489]
 [ 23.01199201]
 [ 25.93920367]
 [ 32.84482007]
 [ 29.63043628]
 [ 28.04051564]
 [ 27.49269684]
 [ 29.16931118]
 [ 31.38421467]
 [ 24.56678324]
 [ 29.2469836 ]
 [ 29.81012421]
 [ 26.97598855]
 [ 27.63525547]
 [ 27.39786391]
 [ 30.19005109]
 [ 27.42697926]
 [ 29.77912154]
 [ 27.80161118]
 [ 32.03354457]
 [ 19.6652377 ]
 [ 25.62664361]
 [ 33.13669814]
 [ 22.71707877]
 [ 30.48868703]
 [ 21.76665236]
 [ 24.48257179]
 [ 29.56747421]
 [ 25.58441714]
 [ 20.79481382]
 [ 27.13102917]
 [ 29.16685244]
 [ 29.79501891]
 [ 29.48852858]
 [ 28.62921295]
 [ 30.69011379]
 [ 28.9673062 ]
 [ 27.66252997]
 [ 27.74552996]
 [ 29.63063384]
 [ 31.05159137]
 [ 30.24760659]
 [ 31.30277307]
 [ 31.48897607]
 [ 30.89960861]
 [ 32.94486432]
 [ 28.98961702]
 [ 31.15846794]
 [ 23.3703044 ]
 [ 28.1306715 ]
 [ 32.92058831]
 [ 29.99500811]
 [ 32.39664644]
 [ 31.64731745]
 [ 29.99780296]
 [ 31.0928203 ]
 [ 32.9690585 ]
 [ 30.72604517]
 [ 29.47708095]
 [ 25.4559573 ]
 [ 31.57514266]
 [ 28.0721683 ]
 [ 29.71045064]
 [ 30.45751521]
 [ 30.26301153]
 [ 30.86465884]
 [ 31.42625448]
 [ 29.73949748]
 [ 31.65701865]
 [ 32.52768614]
 [ 31.83157288]
 [ 31.07050148]
 [ 29.05789409]
 [ 35.26396976]
 [ 30.66177991]
 [ 28.78474934]
 [ 29.98329154]
 [ 32.18264508]
 [ 28.33023572]
 [ 33.62748657]
 [ 26.00899518]
 [ 29.51814991]
 [ 31.53107053]
 [ 25.97353973]
 [ 25.95745096]
 [ 29.75956843]
 [ 26.57854194]
 [ 28.89884087]
 [ 31.72468995]
 [ 24.75539366]
 [ 31.32366324]
 [ 29.90799045]
 [ 31.58134143]
 [ 31.06026447]
 [ 28.93973966]
 [ 30.36067132]
 [ 30.8889865 ]
 [ 29.18369305]
 [ 31.98426618]
 [ 31.53272033]
 [ 32.31736089]
 [ 29.35516807]
 [ 31.21578473]
 [ 27.94022437]
 [ 32.40450233]
 [ 22.64718225]
 [ 31.10068914]
 [ 28.31712124]
 [ 26.3853548 ]
 [ 29.34862086]
 [ 26.82875799]
 [ 26.60514533]
 [ 25.11197896]
 [ 30.57916435]
 [ 28.59513917]
 [ 32.66090407]
 [ 27.08623301]
 [ 29.35265557]
 [ 32.1557316 ]
 [ 30.53855457]
 [ 29.6881615 ]
 [ 28.1312704 ]
 [ 28.47562612]
 [ 27.51410774]
 [ 28.1023638 ]
 [ 25.96423962]
 [ 31.57416045]
 [ 24.99725597]
 [ 27.78517411]
 [ 28.81741248]
 [ 23.77973211]
 [ 27.67477528]
 [ 28.76453982]
 [ 27.1548121 ]
 [ 26.1749639 ]
 [ 26.0936269 ]
 [ 25.255299  ]
 [ 27.769506  ]
 [ 29.29111196]
 [ 29.24003161]
 [ 29.31379921]
 [ 26.64815969]
 [ 26.85208556]
 [ 28.81747104]
 [ 26.35526267]
 [ 29.52858871]
 [ 27.90571036]
 [ 28.14871983]
 [ 28.16561474]
 [ 26.37338899]
 [ 27.67636874]
 [ 28.40018019]
 [ 28.68687128]
 [ 25.37252359]
 [ 26.41049688]
 [ 24.48536794]
 [ 28.39048957]
 [ 25.24115871]
 [ 25.45709614]
 [ 28.6255577 ]
 [ 25.08239274]
 [ 24.60606951]
 [ 28.5036527 ]
 [ 29.51374383]
 [ 30.56999647]
 [ 28.44475741]
 [ 31.01540717]
 [ 29.55115599]
 [ 26.52426428]
 [ 28.0983827 ]
 [ 27.55712229]
 [ 26.8473541 ]
 [ 29.18934517]
 [ 30.95592369]
 [ 26.0582848 ]
 [ 26.7836916 ]
 [ 29.7456928 ]
 [ 26.65897864]
 [ 27.83502635]
 [ 30.3295302 ]
 [ 28.05568763]
 [ 27.53912232]
 [ 26.62248585]
 [ 28.16048672]
 [ 27.80421617]
 [ 28.26960562]
 [ 27.49180578]
 [ 28.12597059]
 [ 30.72890709]
 [ 29.69828113]
 [ 30.15231708]
 [ 29.58238421]
 [ 30.74499374]
 [ 30.56951717]
 [ 29.46305202]
 [ 30.09200559]
 [ 29.71554655]
 [ 31.20674515]
 [ 31.76096751]
 [ 31.077731  ]
 [ 30.07019289]
 [ 29.65449362]
 [ 30.81602914]
 [ 28.35429502]
 [ 29.33998541]
 [ 29.00345269]
 [ 31.58190172]
 [ 28.0965644 ]
 [ 27.80533022]
 [ 27.67447914]
 [ 29.63201138]
 [ 30.41599105]
 [ 27.91215392]
 [ 31.01221919]
 [ 29.53551702]
 [ 28.75985456]
 [ 31.05217031]
 [ 30.31129016]
 [ 33.88648763]
 [ 31.50357074]
 [ 30.20490683]
 [ 33.82350913]
 [ 31.00504572]
 [ 30.6075165 ]
 [ 30.33750657]
 [ 35.8562585 ]
 [ 31.2362292 ]
 [ 28.83333583]
 [ 32.98636135]
 [ 33.49269804]]

The errors:
[[ -2.46100895e+00]
 [ -4.45461686e+00]
 [ -2.22433083e+00]
 [ -8.34075684e+00]
 [ -8.43958994e+00]
 [ -9.04919593e+00]
 [ -6.62117060e+00]
 [ -8.68732760e+00]
 [ -9.65308319e+00]
 [ -9.07429101e+00]
 [ -1.19054160e+01]
 [ -6.15210380e+00]
 [ -6.42823191e+00]
 [ -5.88322378e+00]
 [ -5.50803660e+00]
 [ -5.34306732e-01]
 [ -1.87253492e+00]
 [ -1.68985531e+00]
 [ -1.78785634e+00]
 [  9.33547369e+00]
 [  2.29570217e+00]
 [ -1.68543240e+00]
 [ -3.38246371e+00]
 [ -5.65215640e+00]
 [ -4.18941148e+00]
 [ -1.12166335e+01]
 [ -2.25646696e+00]
 [ -6.95538858e+00]
 [ -9.59534324e+00]
 [ -6.83846901e+00]
 [ -1.06570733e+01]
 [ -1.08599685e+01]
 [ -3.34030708e+00]
 [ -6.43630641e+00]
 [ -7.30225014e+00]
 [ -1.58078782e+00]
 [ -5.36683781e+00]
 [  6.80530897e-01]
 [ -1.32617872e+00]
 [ -1.57160625e-01]
 [  2.23947172e-01]
 [  8.83163479e+00]
 [  4.94415266e+00]
 [ -6.73461316e+00]
 [ -2.81401327e+00]
 [ -7.16587229e+00]
 [ -7.65831163e+00]
 [ -7.85484338e+00]
 [ -6.73874649e+00]
 [ -7.80551918e+00]
 [ -2.50430165e+00]
 [ -7.35209774e+00]
 [ -8.25500409e+00]
 [ -1.03388981e+01]
 [ -7.45228018e+00]
 [ -6.10696924e+00]
 [ -8.00634880e+00]
 [ -4.78521380e+00]
 [ -2.12365460e+00]
 [ -2.35225710e+00]
 [ -3.12432030e+00]
 [ -1.86168197e+00]
 [ -7.17074091e-01]
 [  1.13812728e+01]
 [  5.29794714e-01]
 [ -4.48801132e+00]
 [ -5.43981641e+00]
 [ -6.78932175e+00]
 [ -8.94423126e+00]
 [ -8.09643841e+00]
 [ -8.53488053e+00]
 [ -9.14993439e+00]
 [ -8.41641169e+00]
 [ -1.10947742e+01]
 [ -9.58963229e+00]
 [ -7.74634798e+00]
 [ -7.91306019e+00]
 [ -6.00666269e+00]
 [ -2.55067209e+00]
 [ -5.21285628e+00]
 [ -2.02974820e+00]
 [ -2.08302692e+00]
 [ -2.43222673e+00]
 [ -3.60263402e-01]
 [  6.94617024e+00]
 [  3.14560618e+00]
 [ -4.29594392e+00]
 [ -4.84471800e+00]
 [ -6.31327966e+00]
 [ -6.33892683e+00]
 [ -9.11334999e+00]
 [ -7.06546794e+00]
 [ -7.85766064e+00]
 [ -7.83156513e+00]
 [ -7.37044967e+00]
 [ -8.57932076e+00]
 [ -7.35648819e+00]
 [ -6.73002947e+00]
 [ -6.23746624e+00]
 [ -7.12470146e+00]
 [ -5.36587518e+00]
 [ -4.27132165e+00]
 [ -7.86259832e-02]
 [ -1.16837622e+00]
 [  4.73419662e-01]
 [ -2.75177746e-02]
 [  7.37138398e+00]
 [  3.49381543e+00]
 [ -2.23343721e+00]
 [ -5.46586411e+00]
 [ -6.29723898e+00]
 [ -5.42575437e+00]
 [ -1.01338253e+01]
 [ -5.98479327e+00]
 [ -8.12718647e+00]
 [ -8.73502925e+00]
 [ -9.56738236e+00]
 [ -8.75923452e+00]
 [ -9.47246903e+00]
 [ -7.30123911e+00]
 [ -6.08625736e+00]
 [ -6.30227499e+00]
 [ -6.36280080e+00]
 [ -4.53479554e+00]
 [  5.62351472e-02]
 [  4.66737659e-01]
 [ -6.20898381e-01]
 [  4.53620278e-01]
 [  8.45557028e+00]
 [  2.40080020e+00]
 [ -7.95958204e+00]
 [ -8.86386404e+00]
 [ -8.54383133e+00]
 [ -8.69429381e+00]
 [ -4.54379495e+00]
 [ -7.90018659e+00]
 [ -7.42386088e+00]
 [ -5.37608794e+00]
 [ -2.44536347e+00]
 [ -8.01300808e+00]
 [ -3.42218329e+00]
 [ -6.74574651e+00]
 [ -4.69524934e+00]
 [ -6.15203608e+00]
 [ -5.52196732e-01]
 [ -4.02799972e+00]
 [ -4.04107455e+00]
 [ -2.61181502e+00]
 [ -2.16859243e+00]
 [ -2.83017462e+00]
 [ -5.72118042e+00]
 [ -4.95615448e+00]
 [ -9.39828721e+00]
 [ -6.13429407e+00]
 [ -5.99047368e+00]
 [ -8.54848495e+00]
 [ -1.16990082e+01]
 [ -1.16488714e+01]
 [ -1.17652244e+01]
 [ -1.18185052e+01]
 [ -1.35441758e+01]
 [ -1.03528040e+01]
 [ -1.10357800e+01]
 [ -1.02440566e+01]
 [ -7.74769727e+00]
 [ -9.43897176e+00]
 [ -7.94452749e+00]
 [ -9.39786267e+00]
 [ -9.61833841e+00]
 [ -7.45066667e+00]
 [ -7.94758273e+00]
 [ -6.47851947e+00]
 [ -7.30297892e+00]
 [ -7.98905341e+00]
 [ -8.18892837e+00]
 [ -9.63026210e+00]
 [ -9.03183771e+00]
 [ -6.69061286e+00]
 [ -6.26716649e+00]
 [ -1.02221838e+01]
 [ -9.58808796e+00]
 [ -1.35202262e+01]
 [ -1.23858695e+01]
 [ -1.20769812e+01]
 [ -1.14423452e+01]
 [ -1.47396326e+01]
 [ -1.62118076e+01]
 [ -1.33614658e+01]
 [ -1.29140016e+01]
 [ -1.37828406e+01]
 [ -1.22002827e+01]
 [ -9.51674634e+00]
 [ -9.67408716e+00]
 [ -8.47283800e+00]
 [ -8.85989072e+00]
 [ -9.81490392e+00]
 [ -1.04939620e+01]
 [ -1.11473850e+01]
 [ -1.01138414e+01]
 [ -7.84484982e+00]
 [ -7.33590276e+00]
 [ -8.70986312e+00]
 [ -1.14974987e+01]
 [ -1.12564199e+01]
 [ -8.49545872e+00]
 [ -1.07596121e+01]
 [ -1.04456614e+01]
 [ -9.56478885e+00]
 [ -1.21730576e+01]
 [ -1.51609393e+01]
 [ -6.89572540e+00]
 [ -1.04439354e+01]
 [ -1.25568983e+01]
 [ -1.32825043e+01]
 [ -9.75712649e+00]
 [ -8.66847658e+00]
 [ -1.06495591e+01]
 [ -7.21564399e+00]
 [ -9.52827901e+00]
 [ -1.18900541e+01]
 [ -7.62735985e+00]
 [ -7.30396689e+00]
 [ -6.93184935e+00]
 [ -7.06557552e+00]
 [ -8.99071085e+00]
 [ -6.46396919e+00]
 [ -9.10750830e+00]
 [ -2.72665445e+00]
 [ -2.13462032e+00]
 [ -5.83867380e+00]
 [ -3.81672609e+00]
 [ -3.35342987e+00]
 [ -8.38812422e+00]
 [ -1.02083623e+01]
 [ -6.72828781e+00]
 [ -1.09972846e+01]
 [ -1.09493491e+01]
 [ -9.71773637e+00]
 [ -1.07577689e+01]
 [ -8.74371973e+00]
 [ -1.00851544e+01]
 [ -1.19001667e+01]
 [ -7.03749083e+00]
 [ -8.24441203e+00]
 [ -5.87254203e+00]
 [ -6.01005843e+00]
 [ -6.60184653e+00]
 [ -5.21944380e+00]
 [ -3.55247852e+00]
 [ -7.19463925e+00]
 [ -6.26238304e+00]
 [ -9.07129330e+00]
 [ -5.04245953e+00]
 [ -5.13876772e+00]
 [ -6.08400508e+00]
 [ -1.29920667e+00]
 [ -4.61597544e+00]
 [ -5.66578019e+00]
 [ -5.05531293e+00]
 [ -6.64436208e+00]
 [ -6.56739123e+00]
 [ -5.04027240e+00]
 [ -1.01592161e+01]
 [ -6.95777564e+00]
 [ -7.65656612e+00]
 [ -9.74496254e+00]
 [ -8.32962933e+00]
 [ -5.51050714e+00]
 [ -8.13423239e+00]
 [ -6.11202914e+00]
 [ -8.13270212e+00]
 [ -5.64918054e+00]
 [ -5.23260359e+00]
 [ -8.21376533e+00]
 [ -5.45938997e+00]
 [ -5.76401739e+00]
 [ -3.92390214e+00]
 [ -2.38322159e+00]
 [ -5.60483052e+00]
 [ -4.47483994e+00]
 [ -4.55632014e+00]
 [ -4.83768550e+00]
 [ -2.69870387e+00]
 [ -4.54258682e+00]
 [ -5.53020072e+00]
 [ -4.43081464e+00]
 [ -8.03273947e+00]
 [ -5.79303507e+00]
 [ -8.27066195e+00]
 [ -8.59198853e+00]
 [ -9.33728708e+00]
 [ -3.07275541e+01]
 [ -2.91913449e+01]
 [ -2.15526418e+01]
 [ -3.25298560e+01]
 [ -2.91199511e+01]
 [ -3.13921405e+01]
 [ -2.84448018e+01]
 [ -3.02735536e+01]
 [ -3.18330622e+01]
 [ -3.08812697e+01]
 [ -2.71608350e+01]
 [ -2.95368502e+01]
 [ -3.12391652e+01]
 [ -3.26651452e+01]
 [ -2.60548835e+01]
 [ -2.32597963e+01]
 [ -2.49914665e+01]
 [ -3.02838476e+01]
 [ -2.61121291e+01]
 [ -2.91536846e+01]
 [ -2.60486758e+01]
 [ -2.62485229e+01]
 [ -2.82012479e+01]
 [ -2.56571714e+01]
 [ -2.52451646e+01]
 [ -2.37294958e+01]
 [ -2.52966180e+01]
 [ -3.15452396e+01]
 [ -2.84058894e+01]
 [ -2.22828284e+01]
 [ -3.40203102e+01]
 [ -3.00786070e+01]
 [ -3.25582051e+01]
 [ -3.05311819e+01]
 [ -3.02452788e+01]
 [ -3.24856103e+01]
 [ -3.08140023e+01]
 [ -3.00297323e+01]
 [ -2.96780156e+01]
 [ -3.09161118e+01]
 [ -3.17323080e+01]
 [ -2.75152714e+01]
 [ -2.70535692e+01]
 [ -2.47077457e+01]
 [ -2.88498281e+01]
 [ -2.60380973e+01]
 [ -2.91470686e+01]
 [ -2.78380499e+01]
 [ -2.75790185e+01]
 [ -2.81731372e+01]
 [ -2.76837487e+01]
 [ -2.49380199e+01]
 [ -2.75165973e+01]
 [ -2.36289901e+01]
 [ -2.45101341e+01]
 [ -2.98930543e+01]
 [ -2.77519639e+01]
 [ -2.85466927e+01]
 [ -3.31415971e+01]
 [ -3.05227890e+01]
 [ -3.28855334e+01]
 [ -2.98432447e+01]
 [ -3.03676296e+01]
 [ -3.29709741e+01]
 [ -3.33896807e+01]
 [ -2.85066120e+01]
 [ -3.14745476e+01]
 [ -3.32194234e+01]
 [ -3.04832274e+01]
 [ -2.86743942e+01]
 [ -2.60347259e+01]
 [ -2.77198486e+01]
 [ -2.68934389e+01]
 [ -2.87293017e+01]
 [ -2.72160682e+01]
 [ -2.84728474e+01]
 [ -2.44297080e+01]
 [ -2.91903108e+01]
 [ -2.82177081e+01]
 [ -2.61551347e+01]
 [ -2.24025832e+01]
 [ -2.51665501e+01]
 [ -2.67202707e+01]
 [ -3.16853457e+01]
 [ -2.53054153e+01]
 [ -2.82110378e+01]
 [ -3.08826652e+01]
 [ -3.12286124e+01]
 [ -3.25376203e+01]
 [ -3.19084883e+01]
 [ -3.22436347e+01]
 [ -3.01527814e+01]
 [ -3.08565639e+01]
 [ -3.11694364e+01]
 [ -2.94634193e+01]
 [ -2.88086258e+01]
 [ -3.11524536e+01]
 [ -2.76478848e+01]
 [ -3.00395253e+01]
 [ -2.50420584e+01]
 [ -2.80732236e+01]
 [ -2.94506943e+01]
 [ -2.82057461e+01]
 [ -3.06297189e+01]
 [ -2.60751376e+01]
 [ -2.34247938e+01]
 [ -2.67309471e+01]
 [ -2.69148882e+01]
 [ -2.61708298e+01]
 [ -2.86955623e+01]
 [ -2.27151496e+01]
 [ -2.58353580e+01]
 [ -2.80351199e+01]
 [ -3.09081918e+01]
 [ -3.04205668e+01]
 [ -2.72216134e+01]
 [ -3.07649321e+01]
 [ -2.92864708e+01]
 [ -2.90074122e+01]
 [ -3.20333391e+01]
 [ -3.02323683e+01]
 [ -2.76039295e+01]
 [ -2.79908257e+01]
 [ -2.79667307e+01]
 [ -2.87359768e+01]
 [ -2.97733049e+01]
 [ -2.79121097e+01]
 [ -2.46609223e+01]
 [ -2.41086901e+01]
 [ -2.71765442e+01]
 [ -2.52756643e+01]
 [ -2.81581874e+01]
 [ -2.61607323e+01]
 [ -2.26944855e+01]
 [ -2.42401805e+01]
 [ -2.42549788e+01]
 [ -2.39986074e+01]
 [ -3.03834601e+01]
 [ -2.60078081e+01]
 [ -2.49291375e+01]
 [ -2.94354686e+01]
 [ -2.99108354e+01]
 [ -3.01852581e+01]
 [ -2.88682925e+01]
 [ -3.07960862e+01]
 [ -2.89480379e+01]
 [ -2.88324007e+01]
 [ -3.00196813e+01]
 [ -2.99353255e+01]
 [ -2.99508316e+01]
 [ -2.68690400e+01]
 [ -2.62596595e+01]
 [ -2.94804073e+01]
 [ -2.38244728e+01]
 [ -2.66191252e+01]
 [ -2.66595390e+01]
 [ -2.80279333e+01]
 [ -2.88566959e+01]
 [ -2.60023199e+01]
 [ -2.61485930e+01]
 [ -2.41435783e+01]
 [ -2.09465190e+01]
 [ -2.19677278e+01]
 [ -2.45207130e+01]
 [ -2.16687540e+01]
 [  4.23421410e+00]
 [  5.15742508e+00]
 [  7.45239255e+00]
 [  5.42179496e+00]
 [  3.83894748e+00]
 [  6.38629104e+00]
 [  4.59854581e+00]
 [  5.18914963e+00]
 [  3.35694519e+00]
 [  2.97020857e+00]
 [  3.32824314e+00]
 [  8.04350626e-01]
 [  4.12290205e+00]
 [  1.43201630e+00]
 [  1.63468520e+00]
 [  7.30140163e+00]
 [  1.36579398e+00]
 [  6.76296961e+00]
 [ -1.18565407e+00]
 [  7.90355927e+00]
 [  2.33403012e+00]
 [  4.52695679e+00]
 [  4.45303191e+00]
 [ -8.50199841e-01]
 [  1.04443422e+01]
 [  1.52980744e+00]
 [  5.09647788e-01]
 [  3.29537247e+00]
 [  7.77314863e+00]
 [  5.19062133e+00]
 [  1.85748378e+00]
 [  3.38379562e+00]
 [  3.40377293e+00]
 [ -2.27017684e-01]
 [ -1.37136707e+00]
 [  2.76729268e+00]
 [  5.57037145e-01]
 [  3.16500880e+00]
 [  4.02857576e+00]
 [  6.12129312e+00]
 [  1.91693283e+00]
 [  4.72483726e+00]
 [  3.05079114e+00]
 [  6.73629681e+00]
 [  3.05281649e+00]
 [  5.17548090e+00]
 [  2.42816603e+00]
 [  7.72648441e+00]
 [  4.40268231e+00]
 [  6.07502812e+00]
 [  3.80613901e+00]
 [  6.48905606e+00]
 [  2.90874137e+00]
 [  7.20687440e+00]
 [  5.24870366e+00]
 [  1.84196869e+00]
 [  3.60872683e+00]
 [  3.58901479e+00]
 [  8.86636340e-01]
 [  1.16184843e+00]
 [  2.47240900e+00]
 [ -1.42149157e+00]
 [  3.26625281e-01]
 [  1.98090294e+00]
 [  3.76871563e+00]
 [ -3.75012701e-01]
 [  1.42067547e+00]
 [  1.02544230e+00]
 [  1.98329234e+00]
 [ -1.36628152e-01]
 [  1.50035426e+00]
 [  1.57240161e+00]
 [  1.64324767e+00]
 [  4.34607073e+00]
 [  4.32879480e+00]
 [  3.97762383e+00]
 [  5.68292459e+00]
 [  4.43507926e+00]
 [  4.23129331e+00]
 [  3.29645946e+00]
 [ -8.85091917e-02]
 [  5.34849852e+00]
 [  5.62456171e+00]
 [  4.52306622e+00]
 [  2.14133378e+00]
 [ -2.57217855e+00]
 [ -5.35135196e-01]
 [  2.71363639e+00]
 [  2.42313723e+00]
 [  2.37610087e+00]
 [ -1.78007091e+00]
 [ -6.56265427e-01]
 [  3.28232833e+00]
 [  7.67720601e+00]
 [  5.55837372e+00]
 [ -1.82234473e+00]
 [  1.76978037e+00]
 [  2.05511227e+00]
 [ -4.09514602e-01]
 [  4.76765308e+00]
 [  8.24423059e+00]
 [  7.81183656e+00]
 [  7.10896665e+00]
 [  7.91105877e+00]
 [  2.96173921e+00]
 [  2.71141456e+00]
 [  5.73341375e+00]
 [  5.80255334e+00]
 [  3.04970444e+00]
 [ -3.41854127e-01]
 [ -8.63728433e-01]
 [  4.96173589e+00]
 [  6.74660084e+00]
 [ -9.22518520e-02]
 [  4.61398992e+00]
 [  3.43641283e+00]
 [  6.10307467e+00]
 [  5.99857211e+00]
 [  6.65607151e+00]
 [  6.99482298e+00]
 [  4.25779536e+00]
 [  3.84134386e+00]
 [  1.03142596e+00]
 [  6.18690035e+00]
 [  1.24997623e+01]
 [  5.45644159e+00]
 [  9.84273781e+00]
 [  9.97381942e+00]
 [  3.87846144e+00]
 [  6.11599798e+00]
 [  5.30097686e+00]
 [  7.74139896e+00]
 [  8.50511230e+00]
 [  5.81435179e+00]
 [  2.89382233e+00]
 [  6.21786242e+00]
 [  6.83366258e-01]
 [  3.40348440e+00]
 [  4.56016484e+00]
 [  6.37984585e+00]
 [  5.49206521e+00]
 [  6.20181852e+00]
 [  8.92995408e+00]
 [  5.37337894e+00]
 [  7.43860590e+00]
 [  5.50799486e+00]
 [  2.88609959e+00]
 [  6.54270970e+00]
 [  6.48143080e+00]
 [ -6.32243928e+00]
 [ -7.59812642e+00]
 [ -7.82520938e+00]
 [ -7.45582354e+00]
 [ -3.83763522e+00]
 [ -9.19516872e+00]
 [ -6.07333230e+00]
 [ -1.10795283e+01]
 [ -8.66382202e+00]
 [ -6.05856331e+00]
 [ -1.39789845e+01]
 [ -2.66154847e+01]
 [ -1.46794688e+01]
 [ -1.58212232e+01]
 [ -1.22670373e+01]
 [ -1.23378068e+01]
 [ -1.98431257e+01]
 [ -1.85348176e+01]
 [ -2.94162276e+01]
 [ -1.47409778e+01]
 [ -1.39929803e+01]
 [ -1.17912973e+01]
 [ -1.93541856e+01]
 [ -1.56622328e+01]
 [ -6.82833261e+00]
 [ -8.18971620e+00]
 [ -8.15266400e+00]
 [ -6.96710541e+00]
 [ -8.58147873e+00]
 [ -8.23447964e+00]
 [ -9.40949823e+00]
 [ -1.29251583e+01]
 [ -9.08822564e+00]
 [ -1.13479203e+01]
 [ -1.16319638e+01]
 [ -1.04724156e+01]
 [ -1.33779117e+01]
 [ -1.28632641e+01]
 [ -1.46748006e+01]
 [ -1.50008022e+01]
 [ -1.71878511e+01]
 [ -1.66855400e+01]
 [ -1.19621904e+01]
 [ -1.63200906e+01]
 [ -1.30482550e+01]
 [ -1.51039027e+01]
 [ -1.77843663e+01]
 [ -1.67664982e+01]
 [ -7.64246458e+00]
 [ -7.95920165e+00]
 [ -8.32920411e+00]
 [ -8.23340423e+00]
 [ -1.03759809e+01]
 [ -1.06605528e+01]
 [ -1.11785863e+01]
 [ -1.21537445e+01]
 [ -9.64851209e+00]
 [ -1.12290086e+01]
 [ -1.31404475e+01]
 [ -1.24418415e+01]
 [ -9.41081680e+00]
 [ -7.67944643e+00]
 [ -1.08406958e+01]
 [ -1.39389251e+01]
 [ -1.97420080e+01]
 [ -1.69967963e+01]
 [ -1.02591799e+01]
 [ -1.37015637e+01]
 [ -1.55224844e+01]
 [ -1.63353032e+01]
 [ -1.48576888e+01]
 [ -1.29137853e+01]
 [ -9.47721676e+00]
 [ -5.24301640e+00]
 [ -5.29687579e+00]
 [ -8.92001145e+00]
 [ -8.76374453e+00]
 [ -9.53213609e+00]
 [ -7.36094891e+00]
 [ -1.07380207e+01]
 [ -9.00887846e+00]
 [ -1.16063888e+01]
 [ -7.97945543e+00]
 [ -2.09627623e+01]
 [ -1.56143564e+01]
 [ -8.72030186e+00]
 [ -1.94659212e+01]
 [ -1.19813130e+01]
 [ -2.09873476e+01]
 [ -1.84534282e+01]
 [ -1.35365258e+01]
 [ -1.79785829e+01]
 [ -2.30331862e+01]
 [ -1.68959708e+01]
 [ -1.51311476e+01]
 [ -4.24898109e+00]
 [ -5.00147142e+00]
 [ -6.47778705e+00]
 [ -5.20588621e+00]
 [ -7.43169380e+00]
 [ -9.26747003e+00]
 [ -9.80547004e+00]
 [ -8.53436616e+00]
 [ -7.73640863e+00]
 [ -9.16039341e+00]
 [ -8.71022693e+00]
 [ -9.13902393e+00]
 [ -1.03423914e+01]
 [ -8.91213568e+00]
 [ -1.31933830e+01]
 [ -1.13125321e+01]
 [ -1.93836956e+01]
 [ -1.48053285e+01]
 [ -1.01834117e+01]
 [ -1.33379919e+01]
 [ -1.11663536e+01]
 [ -1.21806825e+01]
 [ -1.40291970e+01]
 [ -1.32051797e+01]
 [ -1.07494150e+00]
 [ -3.76395483e+00]
 [ -5.62991905e+00]
 [ -1.04400427e+01]
 [ -4.82385734e+00]
 [ -8.85783170e+00]
 [ -7.84054936e+00]
 [ -7.70748479e+00]
 [ -8.52498847e+00]
 [ -8.54334116e+00]
 [ -8.58674552e+00]
 [ -1.08885025e+01]
 [ -9.58498135e+00]
 [ -9.32931386e+00]
 [ -1.03514271e+01]
 [ -1.14004985e+01]
 [ -1.36961059e+01]
 [ -7.67203024e+00]
 [ -1.24422201e+01]
 [ -1.45482507e+01]
 [ -1.35797085e+01]
 [ -1.16453549e+01]
 [ -1.56967643e+01]
 [ -1.06705134e+01]
 [ -2.62400482e+00]
 [  4.84149915e-01]
 [  1.69607053e+00]
 [ -4.46346027e+00]
 [ -5.08654904e+00]
 [ -1.87643157e+00]
 [ -5.67045806e+00]
 [ -3.94115913e+00]
 [ -1.72731005e+00]
 [ -9.29960634e+00]
 [ -3.33233676e+00]
 [ -5.95400955e+00]
 [ -4.88265857e+00]
 [ -5.90173553e+00]
 [ -7.51226034e+00]
 [ -5.66832868e+00]
 [ -4.51301350e+00]
 [ -5.79530695e+00]
 [ -2.49773382e+00]
 [ -2.37527967e+00]
 [ -1.16763911e+00]
 [ -3.63283193e+00]
 [ -1.28021527e+00]
 [ -4.06677563e+00]
 [  8.91502326e-01]
 [ -5.98581775e+00]
 [  2.06668914e+00]
 [ -1.51787876e+00]
 [ -4.05164520e+00]
 [ -1.69537914e+00]
 [ -4.80724201e+00]
 [ -5.64385467e+00]
 [ -7.72802104e+00]
 [ -2.87283565e+00]
 [ -5.45986083e+00]
 [ -1.99509593e+00]
 [ -8.77576699e+00]
 [ -7.11134443e+00]
 [ -4.80626840e+00]
 [ -5.91344543e+00]
 [ -6.34083850e+00]
 [ -7.27072960e+00]
 [ -6.50337388e+00]
 [ -6.96789226e+00]
 [ -5.80563620e+00]
 [ -7.52076038e+00]
 [ -1.41383955e+00]
 [ -7.49774403e+00]
 [ -4.22182589e+00]
 [ -2.69558752e+00]
 [ -4.85326789e+00]
 [ -1.35922472e+00]
 [ -1.07046018e+00]
 [ -3.28218790e+00]
 [ -4.86903610e+00]
 [ -5.54237310e+00]
 [ -6.99370100e+00]
 [ -5.07049400e+00]
 [ -4.16088804e+00]
 [ -4.81496839e+00]
 [ -5.34220079e+00]
 [ -9.21384031e+00]
 [ -9.61191444e+00]
 [ -8.14452896e+00]
 [ -1.00967373e+01]
 [ -6.50041129e+00]
 [ -7.49628964e+00]
 [ -6.83028017e+00]
 [ -6.31638526e+00]
 [ -7.53461101e+00]
 [ -5.80863126e+00]
 [ -4.58781981e+00]
 [ -3.80812872e+00]
 [ -6.63447641e+00]
 [ -5.10250312e+00]
 [ -4.14863206e+00]
 [ -6.43510434e-01]
 [ -4.59384129e+00]
 [ -4.97990386e+00]
 [ -2.41844230e+00]
 [ -6.55360726e+00]
 [ -7.64293049e+00]
 [ -4.33634730e+00]
 [ -3.93925617e+00]
 [ -3.48500353e+00]
 [ -6.21124259e+00]
 [ -4.84659283e+00]
 [ -6.91284401e+00]
 [ -1.04377357e+01]
 [ -8.35361730e+00]
 [ -8.47187771e+00]
 [ -8.55464590e+00]
 [ -5.78965483e+00]
 [ -3.52607631e+00]
 [ -7.84971520e+00]
 [ -6.70130840e+00]
 [ -3.24230720e+00]
 [ -5.83602136e+00]
 [ -4.17197365e+00]
 [ -1.18346980e+00]
 [ -5.78312374e-01]
 [ -1.49487768e+00]
 [ -3.21351415e+00]
 [ -2.27751328e+00]
 [ -3.23978383e+00]
 [ -3.36639438e+00]
 [ -4.75719422e+00]
 [ -4.71402941e+00]
 [ -2.72409291e+00]
 [ -4.35671887e+00]
 [ -4.50368292e+00]
 [ -6.27961579e+00]
 [ -5.71900626e+00]
 [ -6.39248283e+00]
 [ -6.98894798e+00]
 [ -5.93699441e+00]
 [ -5.68645345e+00]
 [ -3.77225485e+00]
 [ -2.72103249e+00]
 [ -2.83026900e+00]
 [ -3.41480711e+00]
 [ -3.33350638e+00]
 [ -1.67897086e+00]
 [ -3.65270498e+00]
 [ -2.17301459e+00]
 [  3.69452688e-01]
 [  2.54790172e+00]
 [ -1.73943560e+00]
 [ -2.63266978e+00]
 [ -3.36952086e+00]
 [ -2.00398862e+00]
 [ -1.83300895e+00]
 [ -4.92784608e+00]
 [ -2.44078081e+00]
 [ -4.51948298e+00]
 [ -5.89714544e+00]
 [ -4.81082969e+00]
 [ -6.15270984e+00]
 [ -3.07451237e+00]
 [ -4.94842926e+00]
 [ -5.82409317e+00]
 [ -1.57749087e+00]
 [ -3.97395428e+00]
 [ -3.87448350e+00]
 [ -3.57049343e+00]
 [  2.37125850e+00]
 [ -1.75177080e+00]
 [ -3.66166417e+00]
 [  9.79361351e-01]
 [  1.97969804e+00]]

The RMSE(root mean squared error) is:
14.0977395617
