34.398
34.894
35.389
35.81
36.375
36.87
37.363
37.857
38.353
38.849
39.34
39.834
40.412
41.034
41.657
42.28
42.904
43.524
44.146
44.861
45.39
46.013
46.635
47.97
34.398
34.894
35.389
35.81
36.375
36.87
37.363
37.857
38.353
38.849
39.34
39.834
40.412
41.034
41.657
42.28
42.904
43.524
44.146
44.861
45.39
46.013
46.635
47.257
47.97
34.398
34.894
35.389
35.81
36.375
36.87
37.363
37.857
38.353
38.849
39.34
39.834
40.412
41.034
41.657
42.28
42.904
43.524
44.146
44.861
45.39
46.013
46.635
47.257
47.97
34.398
34.894
35.389
35.811
36.375
36.87
37.364
37.857
38.353
38.849
39.34
39.835
40.412
41.034
41.657
42.28
42.904
43.524
44.146
44.861
45.39
46.013
46.635
47.257
47.97
34.399
34.894
35.389
35.811
36.375
36.87
37.364
37.857
38.353
38.849
39.34
39.835
40.412
41.034
41.657
42.28
42.904
43.524
44.146
44.862
45.39
46.013
46.635
47.257
47.97
34.399
34.894
35.39
35.811
36.375
36.87
37.364
37.857
38.353
38.849
39.34
39.835
40.412
41.034
41.657
42.28
42.904
43.524
44.146
44.862
45.39
46.013
46.635
47.257
47.97
14.039
14.109
14.18
14.251
14.321
14.391
14.463
14.553
14.604
14.694
14.745
14.816
14.917
14.957
15.03
15.976
16.4
16.984
18.15
18.736
19.317
19.9
20.647
21.067
21.65
14.039
14.109
14.18
14.251
14.321
14.391
14.463
14.553
14.604
14.694
14.745
14.917
14.957
15.03
15.976
16.4
16.984
18.15
18.736
19.317
19.9
20.647
21.067
21.65
14.039
14.109
14.18
14.251
14.321
14.391
14.463
14.553
14.604
14.694
14.745
14.816
14.917
14.957
15.03
15.976
16.4
16.984
18.15
18.736
19.317
19.9
20.647
21.067
21.65
14.039
14.109
14.18
14.251
14.321
14.391
14.463
14.553
14.604
14.694
14.746
14.816
14.917
14.957
15.03
15.976
16.4
16.984
18.15
18.736
19.317
19.9
20.647
21.067
21.65
14.039
14.109
14.18
14.251
14.391
14.463
14.553
14.604
14.694
14.746
14.816
14.917
14.957
15.03
15.976
16.4
16.984
18.15
18.736
19.317
19.9
20.647
21.067
21.65
14.039
14.109
14.251
14.321
14.391
14.463
14.553
14.604
14.694
14.746
14.816
14.917
14.957
15.03
15.976
16.4
16.984
19.317
19.9
20.647
21.067
21.65
25.729
26.427
27.125
27.826
28.526
29.231
29.927
30.627
31.33
32.029
32.731
33.428
34.13
34.835
35.382
35.89
36.402
36.903
37.485
37.919
38.427
38.935
39.441
39.947
25.729
26.427
27.125
27.826
28.526
29.231
29.927
30.627
31.33
32.029
32.731
33.428
34.13
34.835
35.382
35.89
36.402
36.903
37.485
37.919
38.427
38.935
39.441
39.947
25.729
26.427
27.125
27.826
28.526
29.231
29.927
30.627
31.33
32.029
32.731
33.428
34.13
34.835
35.382
35.89
36.402
36.903
37.485
37.919
38.427
38.935
39.441
39.947
25.729
26.427
27.125
27.826
28.526
29.231
29.927
30.627
31.33
32.029
32.731
33.428
34.13
34.835
35.382
35.89
36.402
36.903
37.485
37.92
38.427
38.935
39.441
39.947
25.729
26.427
27.125
27.826
28.526
29.231
29.927
30.627
31.33
32.029
32.731
33.428
34.13
34.835
35.382
35.89
36.402
36.903
37.485
37.92
38.428
38.935
39.441
39.947
25.729
26.427
27.125
27.826
28.526
29.231
29.927
30.627
31.33
32.029
32.731
33.428
34.13
34.835
35.382
35.89
36.402
36.903
37.485
37.92
38.428
38.935
39.441
39.947
15.263
16.177
17.091
18.007
19.042
19.829
20.744
21.657
22.575
23.48
24.391
26.012
26.218
26.353
26.51
26.67
26.826
26.983
27.139
27.298
27.454
27.63
27.77
15.264
16.177
17.091
18.007
19.042
19.829
20.744
21.657
22.575
23.48
24.391
26.012
26.218
26.353
26.51
26.67
26.826
26.983
27.139
27.298
27.454
27.63
27.77
16.177
17.091
18.007
19.042
19.829
20.744
21.657
22.575
23.48
24.391
26.012
26.218
26.353
26.51
26.67
26.826
26.983
27.139
27.298
27.454
27.63
27.77
15.264
16.178
17.091
18.007
19.042
19.829
20.744
21.657
22.575
23.48
24.392
26.012
26.218
26.353
26.51
26.67
26.826
26.983
27.139
27.298
27.454
27.63
27.77
15.264
16.178
17.091
18.008
19.042
19.829
20.744
21.657
22.575
23.48
24.392
26.012
26.218
26.353
26.51
26.67
26.826
26.983
27.139
27.298
27.454
27.63
27.77
15.264
16.178
17.091
18.008
19.042
19.829
20.744
21.657
22.575
23.48
24.392
26.012
26.218
26.353
26.51
26.67
26.826
26.983
27.139
27.298
27.454
27.63
27.77
40.91
41.067
41.296
41.523
41.752
41.98
42.232
42.484
42.737
42.989
43.244
43.495
43.749
44
44.253
44.503
44.761
39.469
39.696
39.925
40.155
40.383
40.61
40.84
40.91
39.24
40.91
41.067
41.296
41.523
41.752
41.98
42.232
42.484
42.737
42.989
43.244
43.495
43.749
44
44.253
44.503
44.761
39.469
39.696
39.925
40.155
40.383
40.61
40.84
40.91
39.24
40.91
41.067
41.296
41.523
41.752
41.98
42.232
42.484
42.737
42.989
43.244
43.495
43.749
44
44.253
44.503
44.761
39.469
39.696
39.925
40.155
40.383
40.61
40.84
40.91
39.24
40.91
41.067
41.296
41.523
41.752
41.98
42.232
42.484
42.737
42.99
43.244
43.495
43.749
44
44.253
44.503
44.761
39.469
39.696
39.925
40.155
40.383
40.61
40.84
40.91
39.24
40.91
41.067
41.296
41.523
41.752
41.98
42.232
42.484
42.737
42.99
43.244
43.495
43.749
44
44.253
44.503
44.761
39.469
39.696
39.925
40.155
40.383
40.61
40.84
40.91
39.24
40.91
41.067
41.296
41.523
41.752
41.98
42.232
42.484
42.737
42.99
43.244
43.496
43.749
44
44.253
44.503
44.761
39.469
39.696
39.925
40.155
40.383
40.61
40.84
40.91
39.24
39.059
39.136
39.212
39.289
39.366
39.443
39.52
39.597
39.674
39.751
39.828
39.905
39.982
40.356
40.822
41.289
41.755
42.222
42.689
43.156
43.622
44.089
44.556
45.022
45.489
45.956
39.059
39.136
39.212
39.289
39.366
39.443
39.52
39.597
39.674
39.751
39.828
39.905
39.982
40.356
40.822
41.289
41.755
42.222
42.689
43.156
43.622
44.089
44.556
45.022
45.489
45.956
39.059
39.136
39.212
39.289
39.366
39.443
39.52
39.597
39.674
39.751
39.828
39.905
39.982
40.356
40.822
41.289
41.755
42.222
42.689
43.156
43.622
44.089
44.556
45.022
45.489
45.956
39.059
39.136
39.213
39.289
39.366
39.443
39.52
39.597
39.674
39.751
39.828
39.905
39.982
40.356
40.822
41.289
41.755
42.223
42.689
43.156
43.622
44.089
44.556
45.022
45.489
45.956
39.059
39.136
39.213
39.289
39.366
39.443
39.52
39.597
39.674
39.751
39.828
39.905
39.982
40.356
40.822
41.289
41.755
42.223
42.689
43.156
43.622
44.089
44.556
45.022
45.489
45.956
39.059
39.136
39.213
39.289
39.366
39.443
39.52
39.597
39.674
39.751
39.828
39.905
39.982
40.356
40.822
41.289
41.756
42.223
42.689
43.156
43.622
44.089
44.556
45.022
45.489
45.956
24.109
24.211
24.361
24.512
24.662
24.813
24.963
24.617
24.111
23.605
23.099
22.593
22.085
21.583
21.077
20.572
20.063
19.556
19.051
23.156
23.308
23.458
23.609
23.759
23.91
24.082
24.108
24.109
24.211
24.361
24.512
24.662
24.813
24.963
24.617
24.111
23.605
23.099
22.593
22.085
21.583
21.077
20.571
20.063
19.556
19.051
23.156
23.308
23.458
23.609
23.759
23.91
24.082
24.108
24.109
24.211
24.361
24.512
24.662
24.813
24.963
24.617
24.111
23.605
23.099
22.593
22.085
21.583
21.077
20.571
20.062
19.556
19.051
23.156
23.308
23.458
23.609
23.759
23.91
24.082
24.108
24.109
24.211
24.361
24.512
24.662
24.813
24.964
24.617
24.111
23.605
23.099
22.593
22.085
21.583
21.077
20.571
20.062
19.556
19.051
23.156
23.308
23.458
23.609
23.759
23.91
24.082
24.108
24.211
24.361
24.512
24.662
24.813
24.964
24.617
24.111
23.605
23.099
22.593
22.085
21.583
21.077
20.571
20.062
19.556
19.05
23.156
23.308
23.458
23.609
23.759
23.91
24.082
24.108
24.109
24.211
24.361
24.512
24.662
24.813
24.964
24.617
24.111
23.605
23.098
22.593
22.085
21.583
21.077
20.571
20.062
19.556
19.05
23.156
23.308
23.458
23.609
23.759
23.91
24.082
24.108
24.093
24.169
24.246
24.322
24.397
24.474
24.55
24.626
24.702
24.778
24.854
24.93
25.029
25.642
25.947
26.255
26.565
26.871
27.181
27.486
27.793
28.104
28.411
28.719
29.031
24.093
24.169
24.246
24.322
24.397
24.474
24.55
24.626
24.702
24.778
24.854
24.93
25.029
25.642
25.947
26.255
26.565
26.871
27.181
27.486
27.793
28.104
28.411
28.719
29.031
24.093
24.169
24.246
24.322
24.397
24.474
24.55
24.626
24.702
24.778
24.854
24.93
25.029
25.642
25.947
26.255
26.565
26.871
27.181
27.486
27.793
28.104
28.411
28.719
29.031
24.093
24.169
24.246
24.322
24.397
24.474
24.55
24.626
24.702
24.778
24.854
24.93
25.029
25.642
25.947
26.255
26.565
26.871
27.181
27.486
27.793
28.104
28.411
28.719
29.031
24.093
24.169
24.246
24.322
24.397
24.474
24.55
24.626
24.702
24.778
24.854
24.93
25.029
25.642
25.948
26.255
26.565
26.871
27.181
27.486
27.793
28.104
28.411
28.719
29.031
24.093
24.169
24.246
24.322
24.398
24.474
24.55
24.626
24.702
24.778
24.854
24.93
25.029
25.642
25.948
26.255
26.565
26.871
27.181
27.486
27.793
28.104
28.411
28.719
29.031
23.096
23.247
23.465
23.616
23.768
23.921
24.073
24.225
24.377
24.552
24.681
24.834
25.006
25.243
25.371
25.497
25.623
25.752
25.879
26.006
26.134
26.261
26.388
26.643
26.767
26.897
23.096
23.247
23.465
23.616
23.768
23.921
24.073
24.225
24.377
24.552
24.681
24.834
25.006
25.243
25.371
25.497
25.623
25.752
25.879
26.134
26.261
26.388
26.643
26.767
26.897
23.096
23.247
23.465
23.616
23.768
23.921
24.225
24.377
24.552
24.681
24.834
25.006
25.243
25.371
25.497
25.623
25.752
25.879
26.006
26.134
26.261
26.388
26.643
26.767
26.897
23.096
23.247
23.465
23.616
23.768
23.921
24.073
24.225
24.377
24.552
24.681
24.834
25.006
25.243
25.371
25.497
25.623
25.752
25.879
26.006
26.134
26.261
26.388
26.643
26.767
26.897
23.247
23.465
23.616
23.768
23.921
24.073
24.225
24.377
24.552
24.682
24.834
25.006
25.243
25.371
25.497
25.623
25.752
25.879
26.006
26.134
26.261
26.388
26.643
26.767
26.897
23.247
23.465
23.616
23.768
23.921
24.073
24.225
24.377
24.552
24.682
24.834
25.006
25.243
25.371
25.497
25.623
25.752
25.879
26.006
26.134
26.261
26.388
26.643
26.767
26.897
19
19
19
19
19
19
19
19
19
19
19
19
19.32
19.537
19.753
19.97
20.186
20.407
20.623
20.84
21.056
21.273
21.489
21.706
21.922
19
19
19
19
19
19
19
19
19
19
19
19
19.32
19.537
19.753
19.97
20.186
20.407
20.623
20.84
21.056
21.273
21.489
21.706
21.922
19
19
19
19
19
19
19
19
19
19
19
19
19.32
19.537
19.753
19.97
20.186
20.407
20.623
20.84
21.056
21.273
21.489
21.706
21.922
19
19
19
19
19
19
19
19
19
19
19
19.32
19.537
19.753
19.97
20.186
20.407
20.623
20.84
21.056
21.273
21.489
21.706
21.922
19
19
19
19
19
19
19
19
19
19
19
19.32
19.537
19.753
19.97
20.186
20.407
20.623
20.84
21.056
21.273
21.489
21.706
21.922
19
19
19
19
19
19
19
19
19
19
19
19
19.32
19.537
19.753
19.97
20.186
20.407
20.623
20.84
21.056
21.273
21.489
21.706
21.922
19.621
20.185
20.751
21.323
21.894
22.47
23.037
23.61
24.263
24.761
25.329
25.904
26.31
25.668
25.032
24.385
23.74
23.101
22.445
21.815
21.17
19.794
19.238
19.621
20.185
20.751
21.324
21.894
22.47
23.037
23.61
24.263
24.761
25.329
25.904
26.31
25.668
25.032
24.385
23.74
23.101
22.445
21.815
21.17
19.794
19.237
19.621
20.185
20.751
21.324
21.894
22.47
23.037
23.61
24.263
24.761
25.329
25.904
26.309
25.668
25.032
24.385
23.74
23.101
22.445
21.815
21.17
19.794
19.237
19.621
20.185
20.751
21.324
21.894
22.471
23.037
23.61
24.263
24.761
25.329
25.905
26.309
25.668
25.032
24.385
23.74
23.101
22.445
21.814
21.17
19.794
19.237
19.621
20.185
20.751
21.324
21.894
22.471
23.037
23.61
24.263
24.761
25.329
25.905
26.309
25.668
25.032
24.385
23.74
23.101
22.445
21.814
21.17
19.794
19.237
19.621
20.185
20.751
21.324
21.894
22.471
23.037
23.61
24.263
24.761
25.329
25.905
26.309
25.668
25.032
24.385
23.74
23.1
22.445
21.814
21.17
19.794
19.237
29.422
28.649
27.883
27.114
26.345
25.575
24.81
24.037
23.27
21.008
21.185
21.362
21.538
21.715
21.893
22.244
22.946
23.122
29.422
28.649
27.883
27.114
26.345
25.575
24.81
24.037
23.27
21.008
21.185
21.362
21.715
21.893
22.244
22.946
23.122
29.422
28.649
27.883
27.114
26.345
25.575
24.81
24.037
23.27
21.008
21.185
21.362
21.538
21.715
21.893
22.244
22.946
23.122
29.422
28.649
27.883
27.114
26.345
25.575
24.81
24.037
23.269
21.008
21.185
21.362
21.538
21.715
21.893
22.244
22.946
23.122
29.422
28.649
27.883
27.114
26.345
25.575
24.81
24.037
23.269
21.008
21.186
21.362
21.538
21.715
21.893
22.244
22.946
23.122
29.422
28.649
27.883
27.114
26.345
25.575
24.81
24.037
23.269
21.008
21.186
21.362
21.538
21.715
21.893
22.244
22.946
23.122
25.857
25.704
25.548
25.358
25.249
25.096
24.787
24.618
24.328
24.942
25.939
26.974
27.96
28.954
30.936
31.936
32.961
34.944
35.945
25.857
25.704
25.548
25.358
25.249
25.096
24.787
24.618
24.328
24.942
25.939
26.974
27.96
28.954
30.936
31.936
32.961
34.944
35.945
25.857
25.704
25.548
25.358
25.249
25.096
24.787
24.618
24.328
24.942
25.939
26.974
27.96
28.954
30.936
31.936
32.961
34.944
35.945
25.857
25.704
25.548
25.096
24.787
24.618
24.328
24.942
25.939
26.974
27.96
28.954
30.936
31.936
32.961
34.944
35.946
25.857
25.704
25.548
25.358
25.249
25.096
24.787
24.618
24.328
24.942
25.939
26.974
27.96
28.954
30.936
31.936
32.961
34.945
35.946
25.857
25.704
25.548
25.358
25.249
25.096
24.787
24.618
24.328
24.942
25.939
26.974
27.96
28.954
30.936
31.936
32.961
34.945
35.946
10.646
11.261
11.882
12.497
13.11
13.725
14.342
14.953
15.573
16.187
16.715
18.649
19.266
19.882
20.491
21.11
21.727
22.344
22.953
23.568
24.191
24.803
25.418
10.646
11.261
11.882
12.497
13.11
13.725
14.342
14.953
15.573
16.187
16.715
18.649
19.266
19.882
20.491
21.11
21.727
22.344
22.953
23.568
24.191
24.804
25.418
10.646
11.261
11.882
12.497
13.11
13.725
14.342
14.953
15.573
16.187
16.715
18.649
19.266
19.882
20.491
21.11
21.727
22.344
22.953
23.568
24.191
25.419
10.646
11.261
11.882
12.497
13.11
13.725
14.342
14.953
15.573
16.187
16.715
18.649
19.266
19.882
20.491
21.11
21.727
22.344
22.953
23.569
24.191
24.804
25.419
10.646
11.262
11.882
12.497
13.11
13.725
14.342
14.953
15.573
16.187
18.649
19.266
19.882
20.491
21.11
21.727
22.344
22.953
23.569
24.191
24.804
25.419
10.646
11.262
11.882
12.498
13.11
13.725
14.342
14.953
15.573
16.187
16.715
18.649
19.266
19.882
20.491
21.11
21.727
22.344
22.953
23.569
24.191
24.804
25.419
13.618
14.314
15.004
16.387
17.8
18.466
19.156
19.846
20.189
20.491
20.667
20.867
21.068
21.194
21.371
21.546
21.722
21.903
22.429
22.605
22.781
22.957
23.132
13.618
14.314
15.004
16.387
17.176
17.8
18.466
19.156
19.846
20.189
20.491
20.667
20.867
21.068
21.194
21.371
21.546
21.722
21.903
22.429
22.605
22.781
22.957
23.132
13.618
14.314
15.004
16.387
17.176
17.8
18.466
19.156
19.846
20.189
20.491
20.667
20.867
21.068
21.194
21.371
21.546
21.722
21.903
22.429
22.605
22.781
22.957
23.132
13.618
14.314
15.004
16.387
17.176
17.8
18.466
19.156
19.846
20.19
20.491
20.667
20.867
21.068
21.194
21.371
21.546
21.722
21.903
22.429
22.605
22.781
22.957
23.132
13.618
14.314
15.004
16.387
17.177
17.8
18.466
19.156
19.846
20.19
20.491
20.667
20.867
21.068
21.194
21.371
21.546
21.723
21.903
22.429
22.605
22.781
22.957
23.132
13.619
14.314
15.004
16.387
17.177
17.8
18.466
19.156
19.846
20.19
20.491
20.667
20.867
21.068
21.194
21.371
21.546
21.723
21.903
22.429
22.605
22.781
22.957
23.132
15.183
15.419
15.655
15.891
16.127
16.363
16.599
16.835
17.071
17.34
17.545
18.031
18.49
18.951
19.349
19.874
20.336
20.797
21.259
21.72
22.182
22.644
23.105
15.183
15.419
15.655
15.891
16.127
16.363
16.599
16.835
17.071
17.34
17.546
18.031
18.49
18.951
19.349
19.874
20.336
20.797
21.259
21.72
22.182
22.644
23.105
15.183
15.419
15.655
15.891
16.127
16.363
16.599
16.835
17.071
17.34
17.546
18.031
18.49
18.951
19.349
19.875
20.336
20.797
21.259
21.72
22.182
22.644
23.105
15.183
15.419
15.655
15.891
16.127
16.363
16.599
16.835
17.071
17.34
17.546
18.031
18.49
18.951
19.349
19.875
20.336
20.797
21.259
21.72
22.182
22.644
23.105
15.183
15.419
15.655
15.891
16.127
16.363
16.599
16.835
17.071
17.34
17.546
18.031
18.49
18.951
19.349
19.875
20.336
20.797
21.259
21.72
22.182
22.644
23.105
15.183
15.419
15.655
15.891
16.127
16.363
16.599
16.835
17.071
17.34
17.546
18.031
18.49
18.951
19.349
19.875
20.336
20.797
21.259
21.72
22.182
22.644
23.105
25.093
26.308
27.522
28.736
29.951
31.165
32.379
33.594
34.807
36.022
37.236
38.45
39.738
38.367
36.984
35.608
34.024
32.832
31.439
29.863
28.676
27.292
25.906
24.522
25.093
26.308
27.522
28.736
29.951
31.165
32.379
33.594
34.807
36.022
37.236
38.45
39.738
38.367
36.984
35.608
34.024
32.832
31.439
29.863
28.676
27.292
25.905
24.522
25.093
26.308
27.522
28.736
29.951
31.165
32.379
33.594
34.807
36.022
37.236
38.45
39.738
38.367
36.984
35.607
34.024
32.832
31.439
29.863
28.676
27.292
25.905
24.522
25.094
26.308
27.522
28.737
29.951
31.165
32.38
33.594
34.808
36.022
37.236
38.451
39.738
38.367
36.983
35.607
34.023
32.832
31.439
29.863
28.675
27.292
25.905
24.521
25.094
26.309
27.522
28.737
29.951
31.165
32.38
33.594
34.808
36.022
37.237
38.451
39.738
38.367
36.983
35.607
34.023
32.832
31.439
29.863
28.675
27.292
25.905
24.521
25.094
26.309
27.522
28.737
29.951
31.165
32.38
33.595
34.808
36.022
37.237
38.451
39.738
38.367
36.983
35.607
34.023
32.832
31.439
29.863
28.675
27.291
25.905
24.521
7.9555
7.8841
7.8128
7.7409
7.6689
7.5978
7.4553
7.3842
7.3119
7.241
7.1699
7.0982
7
7
7
7
7
7
7
7
7
7.9555
7.8841
7.8128
7.7409
7.6689
7.5978
7.4553
7.3842
7.3119
7.241
7.1699
7.0982
7
7
7
7
7
7
7
7
7
7.9555
7.8841
7.8128
7.7409
7.6689
7.5978
7.4553
7.3842
7.3119
7.241
7.1699
7.0982
7
7
7
7
7
7
7
7
7
7.9555
7.8841
7.8128
7.7409
7.6689
7.5978
7.4552
7.3842
7.3119
7.2409
7.1699
7.0982
7
7
7
7
7
7
7
7
7
7.9555
7.8841
7.8128
7.7409
7.6689
7.5978
7.4552
7.3842
7.3119
7.2409
7.1699
7.0982
7
7
7
7
7
7
7
7
7
7.9555
7.8841
7.8128
7.7409
7.6689
7.5978
7.4552
7.3842
7.3119
7.2409
7.1698
7.0982
7
7
7
7
7
7
7
7
7
24.321
24.678
25.04
25.389
25.76
26.114
26.477
26.868
26.968
26.908
26.852
26.781
26.663
26.603
26.493
26.408
26.375
26.315
26.23
26.196
26.103
26.002
24.321
24.678
25.04
25.389
25.76
26.114
26.477
26.868
26.968
26.908
26.852
26.781
26.663
26.603
26.493
26.408
26.375
26.315
26.23
26.196
26.103
26.002
24.321
24.678
25.04
25.389
25.76
26.114
26.477
26.868
26.968
26.908
26.852
26.781
26.663
26.603
26.493
26.408
26.375
26.315
26.23
26.196
26.103
26.002
24.321
24.679
25.04
25.389
26.114
26.477
26.868
26.968
26.908
26.852
26.781
26.663
26.603
26.493
26.408
26.375
26.315
26.23
26.196
26.103
26.002
24.321
24.679
25.04
25.389
25.761
26.114
26.477
26.868
26.968
26.908
26.852
26.781
26.663
26.603
26.493
26.375
26.315
26.23
26.103
26.002
24.321
24.679
25.04
25.389
25.761
26.114
26.477
26.868
26.968
26.908
26.852
26.781
26.663
26.603
26.493
26.408
26.375
26.315
26.23
26.196
26.103
26.002
18.362
18.199
18.017
17.841
17.663
17.484
17.305
17.127
16.949
16.768
16.59
16.057
16.14
16.225
16.307
16.391
16.475
16.559
16.641
16.724
16.974
18.362
18.199
18.017
17.841
17.663
17.484
17.127
16.949
16.768
16.59
16.029
16.057
16.14
16.225
16.307
16.391
16.475
16.559
16.641
16.724
16.807
16.891
16.974
18.362
18.199
18.017
17.841
17.663
17.305
17.127
16.949
16.768
16.59
16.029
16.057
16.14
16.225
16.307
16.391
16.475
16.559
16.641
16.724
16.807
16.891
16.974
18.362
18.199
18.017
17.841
17.484
17.305
17.127
16.949
16.59
16.029
16.057
16.14
16.225
16.307
16.391
16.475
16.559
16.641
16.724
16.807
16.891
16.974
18.362
18.199
18.017
17.663
17.484
17.305
17.127
16.949
16.768
16.59
16.029
16.057
16.14
16.225
16.307
16.391
16.475
16.559
16.641
16.724
16.807
16.891
16.974
18.362
18.199
18.017
17.841
17.663
17.484
17.305
17.127
16.949
16.768
16.59
16.029
16.057
16.14
16.225
16.307
16.391
16.475
16.559
16.641
16.807
16.974
40.224
39.847
39.423
38.989
38.569
38.131
37.703
37.275
36.846
36.483
35.992
35.564
35.132
39.48
40.688
41.911
43.123
44.338
45.546
47.284
50.417
40.224
39.847
39.423
38.989
38.569
38.131
37.703
37.275
36.846
36.483
35.992
35.564
35.132
39.48
40.688
41.911
43.123
44.338
45.546
50.418
40.224
39.847
39.423
38.989
38.569
38.131
37.703
37.275
36.846
36.483
35.992
35.564
35.132
39.48
40.688
41.911
43.123
44.338
45.546
47.284
50.418
40.224
39.847
39.423
38.989
38.569
38.131
37.703
36.846
36.483
35.564
35.132
39.481
40.688
41.911
43.124
44.338
45.546
47.284
50.418
40.223
39.847
39.423
38.989
38.569
38.131
37.703
37.275
36.846
36.483
35.992
35.564
35.132
39.481
40.688
41.911
43.124
44.339
45.546
47.284
50.418
40.223
39.847
39.423
38.989
38.569
38.131
37.703
37.275
36.846
36.483
35.992
35.564
35.132
39.481
40.688
41.912
43.124
44.339
45.546
47.285
50.418
13.01
12.469
11.941
11.397
10.858
10.324
9.7841
8.1645
7.6217
7.0883
7.6492
9.2144
9.9863
10.764
11.541
12.319
13.091
13.876
15.32
13.01
12.469
11.941
11.397
10.858
9.7841
8.1645
7.6217
7.0883
7.6492
9.2144
9.9863
10.764
11.541
12.319
13.876
14.652
15.32
13.01
12.469
11.941
11.397
10.858
9.784
8.1645
7.6217
7.0883
7.6492
9.2144
9.9863
10.764
11.541
13.092
13.876
14.652
13.01
12.469
11.94
11.397
10.858
10.324
9.7839
8.1644
7.6216
7.0882
7.6493
9.2146
9.9865
10.765
11.541
12.319
13.092
13.876
14.652
15.32
13.01
12.469
11.94
11.397
10.858
10.324
9.7839
8.1644
7.6216
7.0881
7.6494
9.2146
9.9866
10.765
11.541
12.319
13.092
13.876
14.652
15.32
13.01
12.469
11.94
11.397
10.858
10.324
9.7839
8.1644
7.6216
7.0881
7.6494
9.9866
10.765
11.541
12.319
13.876
14.652
15.32
20.767
21.343
21.914
22.491
23.134
23.708
24.197
24.767
25.835
26.49
27.057
27.626
27.773
27.607
27.44
27.275
27.083
26.92
26.775
26.583
26.443
26.274
26.107
20.767
21.343
21.914
22.491
23.134
23.708
24.197
24.767
25.835
26.49
27.057
27.626
27.773
27.607
27.44
27.275
27.083
26.92
26.775
26.583
26.443
26.274
26.107
20.767
21.343
21.914
22.491
23.134
23.708
24.197
24.767
25.835
26.49
27.057
27.626
27.773
27.607
27.44
27.275
27.083
26.92
26.775
26.583
26.443
26.274
26.107
20.767
21.344
21.914
22.491
23.134
23.708
24.198
24.767
25.835
26.49
27.057
27.626
27.773
27.607
27.44
27.275
27.083
26.919
26.775
26.583
26.442
26.274
26.107
20.767
21.344
21.914
22.491
23.134
23.708
24.198
24.767
25.835
26.49
27.057
27.626
27.773
27.607
27.44
27.275
27.083
26.919
26.775
26.583
26.442
26.274
26.107
20.767
21.344
21.914
22.491
23.134
23.708
24.198
24.767
25.835
26.49
27.057
27.626
27.773
27.607
27.44
27.275
27.083
26.919
26.775
26.583
26.442
26.274
26.107
15.448
15.717
16.022
16.326
16.517
16.782
17.09
17.316
17.581
17.848
18.192
18.382
18.688
18.916
19.07
19.153
19.259
19.343
19.39
19.486
19.58
19.64
19.723
19.831
19.89
19.974
15.448
15.717
16.022
16.326
16.517
16.782
17.09
17.316
17.581
17.848
18.192
18.383
18.688
18.916
19.07
19.153
19.259
19.343
19.39
19.486
19.58
19.64
19.723
19.831
19.89
19.974
15.448
15.717
16.022
16.326
16.517
16.782
17.09
17.316
17.581
17.848
18.192
18.383
18.688
18.916
19.07
19.153
19.259
19.343
19.39
19.486
19.581
19.64
19.723
19.831
19.89
19.974
15.448
15.717
16.022
16.326
16.517
16.782
17.09
17.316
17.581
17.848
18.192
18.383
18.688
18.916
19.07
19.153
19.259
19.343
19.39
19.486
19.581
19.64
19.723
19.831
19.89
19.974
15.448
15.717
16.022
16.326
16.517
16.782
17.09
17.316
17.581
17.848
18.192
18.383
18.688
18.916
19.07
19.153
19.259
19.343
19.39
19.486
19.581
19.64
19.723
19.832
19.89
19.974
15.448
15.717
16.022
16.326
16.517
16.782
17.09
17.316
17.581
17.848
18.192
18.383
18.688
18.916
19.07
19.153
19.259
19.343
19.39
19.486
19.581
19.64
19.723
19.832
19.89
19.974
45.137
45.178
45.259
45.541
45.824
46.116
46.39
46.674
46.997
47.279
47.561
47.845
48.128
48.45
49.039
49.419
49.885
50.806
51.263
51.722
52.184
53.167
53.569
53.959
45.137
45.179
45.259
45.541
45.824
46.116
46.39
46.674
46.997
47.279
47.561
47.845
48.128
48.45
49.039
49.419
49.885
50.806
51.263
51.722
52.184
53.167
53.569
53.96
45.137
45.179
45.259
45.541
45.824
46.116
46.39
46.674
46.997
47.279
47.561
47.845
48.128
48.45
49.039
49.419
49.885
50.806
51.263
51.722
52.184
53.167
53.569
53.96
45.137
45.179
45.259
45.542
45.824
46.116
46.39
46.674
46.997
47.279
47.561
47.845
48.128
48.45
49.039
49.419
49.885
50.806
51.263
51.722
52.184
53.167
53.569
53.96
45.137
45.179
45.259
45.542
45.824
46.116
46.39
46.674
46.997
47.279
47.561
47.845
48.128
48.45
49.039
49.419
49.885
50.806
51.263
51.722
52.184
53.167
53.569
53.96
45.137
45.179
45.259
45.542
45.824
46.116
46.39
46.674
46.997
47.279
47.561
47.845
48.128
48.45
49.039
49.419
49.885
50.806
51.263
51.722
52.184
53.167
53.569
53.96
30.66
30.988
31.38
31.766
32.543
32.942
33.324
33.714
34.101
34.49
34.884
34.533
33.202
31.876
30.553
29.772
29.102
28.156
27.888
26.545
25.011
30.66
30.988
31.38
31.766
32.153
32.543
32.942
33.324
33.714
34.101
34.49
34.884
34.533
33.202
31.876
30.553
29.772
29.102
28.156
27.888
26.545
25.011
30.66
30.988
31.38
31.766
32.543
32.942
33.324
33.714
34.101
34.49
34.884
34.533
33.202
31.876
30.553
29.772
29.102
28.156
27.888
26.545
25.011
30.661
30.988
31.38
31.766
32.153
32.543
32.943
33.324
33.714
34.101
34.49
34.884
34.533
33.202
31.876
30.553
29.772
29.102
28.155
27.888
26.545
25.01
30.661
30.988
31.38
31.766
32.153
32.543
32.943
33.324
33.714
34.101
34.49
34.884
34.533
33.202
31.876
30.553
29.772
29.102
28.155
27.888
26.545
25.01
30.661
30.988
31.38
31.766
32.153
32.543
32.943
33.324
33.714
34.101
34.49
34.884
34.533
33.202
31.876
30.553
29.772
29.102
28.155
27.888
26.545
25.01
11.345
11.995
12.318
12.651
13.289
13.615
13.94
14.359
14.633
14.912
15.559
15.88
16.024
16.184
16.542
16.902
17.022
17.3
17.577
18.18
18.415
18.698
18.979
11.345
11.995
12.318
12.651
13.289
13.615
14.359
14.633
14.912
15.559
15.88
16.024
16.184
16.542
16.902
17.022
17.3
17.577
18.18
18.415
18.698
18.979
11.345
11.995
12.318
12.651
13.289
13.615
13.94
14.359
14.912
15.559
15.88
16.024
16.184
16.542
16.902
17.022
17.3
17.577
18.18
18.698
18.979
11.345
11.995
12.318
13.289
13.615
13.94
14.359
14.633
14.912
15.559
15.88
16.024
16.184
16.542
16.902
17.3
17.577
18.18
18.415
18.698
11.345
11.995
12.318
12.652
13.289
13.615
13.94
14.359
14.633
14.912
15.559
15.88
16.024
16.184
16.542
16.902
17.022
17.3
17.577
18.18
18.415
18.698
11.345
11.996
12.318
12.652
13.289
13.94
14.359
14.633
14.912
15.559
15.88
16.024
16.184
16.542
16.902
17.022
17.3
17.577
18.18
18.415
18.979
41.58
41.119
40.658
40.196
39.735
39.273
38.814
38.35
37.891
37.43
36.967
36.506
35.223
34.365
33.503
32.648
31.786
30.929
29.206
28.346
27.486
26.618
25.767
41.58
41.119
40.658
40.196
39.735
39.273
38.814
38.35
37.891
37.429
36.967
36.506
35.223
34.365
33.503
32.648
31.786
30.929
29.206
28.346
27.486
26.618
25.767
41.58
41.119
40.658
40.196
39.735
39.273
38.814
38.35
37.891
37.429
36.967
36.506
35.223
34.365
33.503
32.648
31.786
30.929
29.206
28.346
27.486
26.618
25.767
41.58
40.657
40.196
39.735
39.273
38.814
38.35
37.891
37.429
36.506
35.223
34.365
33.503
32.648
31.786
30.928
29.205
28.346
27.486
26.618
25.767
41.119
40.657
40.196
39.735
39.273
38.814
38.35
37.891
37.429
36.967
36.506
35.223
34.365
33.503
32.648
31.786
30.928
29.205
28.346
27.486
26.618
25.767
41.58
41.119
40.657
40.196
39.735
39.273
38.814
38.35
37.891
37.429
36.967
36.506
35.223
34.365
33.503
32.648
30.928
29.205
28.346
27.486
26.618
25.767
34.368
33.842
33.315
32.789
32.261
31.734
31.21
30.608
30.082
29.554
28.952
28.425
28.022
28.032
29.564
29.894
30.335
30.723
31.107
31.494
31.88
32.268
32.707
33.037
33.423
33.807
34.14
34.581
34.368
33.842
33.315
32.789
32.261
31.734
31.21
30.608
30.082
29.554
28.952
28.425
28.022
28.032
29.564
29.894
30.335
30.723
31.107
31.494
31.88
32.268
32.707
33.037
33.423
33.807
34.14
34.581
34.368
33.842
33.315
32.788
32.261
31.734
31.21
30.608
30.082
29.554
28.952
28.425
28.022
28.032
29.565
29.894
30.335
30.723
31.107
31.494
31.88
32.268
32.707
33.037
33.423
33.807
34.14
34.581
34.368
33.841
33.315
32.788
32.261
31.734
31.21
30.608
30.082
29.554
28.952
28.425
28.022
28.032
29.565
29.894
30.335
30.723
31.107
31.494
31.88
32.268
32.707
33.038
33.423
33.807
34.14
34.581
34.368
33.841
33.315
32.788
32.261
31.734
31.21
30.608
30.082
29.554
28.952
28.425
28.022
28.032
29.565
29.894
30.335
30.723
31.107
31.494
31.88
32.268
32.707
33.038
33.423
33.807
34.14
34.581
34.368
33.841
33.315
32.788
32.261
31.734
31.21
30.608
30.082
29.554
28.952
28.425
28.022
28.032
29.565
29.894
30.335
30.723
31.107
31.494
31.88
32.268
32.707
33.038
33.423
33.807
34.14
34.581
44.469
43.94
43.297
42.592
41.896
40.593
40.034
39.292
38.731
37.991
37.437
36.134
35.385
34.806
34.082
33.523
32.781
31.523
30.922
30.221
44.469
43.94
43.297
42.592
41.896
40.593
40.034
39.292
38.73
37.991
37.437
36.134
35.385
34.806
34.082
33.523
32.781
32.222
31.523
30.922
30.221
29.477
44.469
43.94
43.297
42.592
40.593
40.034
39.292
38.73
37.991
37.437
36.134
35.385
34.806
34.082
33.523
32.781
32.222
31.523
30.922
30.221
29.477
44.469
43.94
43.297
42.591
41.895
40.593
40.033
39.292
38.73
37.99
37.437
36.134
35.385
34.806
34.082
33.523
32.78
32.222
31.523
30.922
30.221
29.476
44.469
43.94
43.297
42.591
40.593
40.033
39.292
38.73
37.99
37.436
36.134
35.385
34.806
34.082
33.523
32.78
32.222
31.523
30.221
29.476
44.469
43.94
43.297
42.591
40.593
40.033
39.292
38.73
37.99
37.436
36.134
35.385
34.806
34.082
33.523
32.78
32.222
31.523
30.922
30.221
29.476
