28.199
28.447
28.695
28.905
29.187
29.435
29.682
29.928
30.177
30.424
30.67
30.917
31.309
31.776
32.243
32.71
33.178
33.643
34.109
34.646
35.043
35.509
35.976
36.977
28.199
28.447
28.695
28.905
29.187
29.435
29.682
29.928
30.177
30.424
30.67
30.917
31.309
31.776
32.243
32.71
33.178
33.643
34.109
34.646
35.043
35.509
35.976
36.443
36.977
28.199
28.447
28.695
28.905
29.187
29.435
29.682
29.928
30.177
30.424
30.67
30.917
31.309
31.776
32.243
32.71
33.178
33.643
34.11
34.646
35.043
35.51
35.976
36.443
36.977
28.199
28.447
28.695
28.905
29.187
29.435
29.682
29.929
30.177
30.424
30.67
30.917
31.309
31.776
32.243
32.71
33.178
33.643
34.11
34.646
35.043
35.51
35.976
36.443
36.978
28.199
28.447
28.695
28.905
29.188
29.435
29.682
29.929
30.177
30.424
30.67
30.917
31.309
31.776
32.243
32.71
33.178
33.643
34.11
34.646
35.043
35.51
35.976
36.443
36.978
28.199
28.447
28.695
28.905
29.188
29.435
29.682
29.929
30.177
30.424
30.67
30.917
31.309
31.776
32.243
32.71
33.178
33.643
34.11
34.646
35.043
35.51
35.976
36.443
36.978
11.078
11.218
11.359
11.501
11.643
11.782
11.925
12.106
12.208
12.388
12.491
12.631
12.834
12.915
13.026
13.854
14.225
14.736
15.756
16.269
16.777
17.288
17.941
18.308
18.819
11.078
11.218
11.359
11.501
11.643
11.782
11.925
12.106
12.208
12.388
12.491
12.834
12.915
13.026
13.854
14.225
14.736
15.756
16.269
16.777
17.288
17.941
18.309
18.819
11.078
11.218
11.359
11.501
11.643
11.782
11.925
12.106
12.208
12.388
12.491
12.631
12.834
12.915
13.026
13.854
14.225
14.736
15.756
16.269
16.777
17.288
17.941
18.309
18.819
11.078
11.219
11.359
11.501
11.643
11.782
11.925
12.106
12.208
12.388
12.491
12.631
12.834
12.915
13.026
13.854
14.225
14.736
15.756
16.269
16.777
17.288
17.941
18.309
18.819
11.078
11.219
11.359
11.501
11.782
11.925
12.106
12.208
12.388
12.491
12.631
12.834
12.915
13.026
13.854
14.225
14.736
15.756
16.269
16.777
17.288
17.941
18.309
18.819
11.078
11.219
11.501
11.643
11.782
11.925
12.106
12.208
12.388
12.491
12.631
12.834
12.915
13.026
13.854
14.225
14.736
16.777
17.288
17.941
18.309
18.819
23.437
23.856
24.275
24.695
25.115
25.539
25.956
26.376
26.798
27.217
27.639
28.057
28.478
28.901
28.924
28.822
28.72
28.619
28.503
28.416
28.315
28.213
28.112
28.011
23.437
23.856
24.275
24.695
25.115
25.539
25.956
26.376
26.798
27.217
27.639
28.057
28.478
28.901
28.924
28.822
28.72
28.619
28.503
28.416
28.315
28.213
28.112
28.011
23.437
23.856
24.275
24.695
25.115
25.539
25.956
26.376
26.798
27.217
27.639
28.057
28.478
28.901
28.924
28.822
28.72
28.619
28.503
28.416
28.315
28.213
28.112
28.011
23.437
23.856
24.275
24.696
25.116
25.539
25.956
26.376
26.798
27.217
27.639
28.057
28.478
28.901
28.924
28.822
28.72
28.619
28.503
28.416
28.315
28.213
28.112
28.011
23.437
23.856
24.275
24.696
25.116
25.539
25.956
26.376
26.798
27.217
27.639
28.057
28.478
28.901
28.924
28.822
28.72
28.619
28.503
28.416
28.314
28.213
28.112
28.011
23.437
23.856
24.275
24.696
25.116
25.539
25.956
26.376
26.798
27.218
27.639
28.057
28.478
28.901
28.924
28.822
28.72
28.619
28.503
28.416
28.314
28.213
28.112
28.011
10.737
11.27
11.803
12.338
12.941
13.4
13.934
14.466
15.002
15.53
16.062
17.012
17.218
17.353
17.51
17.67
17.826
17.983
18.139
18.298
18.454
18.63
18.77
10.737
11.27
11.803
12.338
12.941
13.4
13.934
14.466
15.002
15.53
16.062
17.012
17.218
17.353
17.51
17.67
17.826
17.983
18.139
18.298
18.454
18.63
18.77
11.27
11.803
12.338
12.941
13.4
13.934
14.467
15.002
15.53
16.062
17.012
17.218
17.353
17.51
17.67
17.826
17.983
18.139
18.298
18.454
18.63
18.77
10.737
11.27
11.803
12.338
12.941
13.4
13.934
14.467
15.002
15.53
16.062
17.012
17.218
17.353
17.51
17.67
17.826
17.983
18.139
18.298
18.454
18.63
18.77
10.737
11.27
11.803
12.338
12.941
13.4
13.934
14.467
15.002
15.53
16.062
17.012
17.218
17.353
17.51
17.67
17.826
17.983
18.139
18.298
18.454
18.63
18.77
10.737
11.27
11.803
12.338
12.941
13.4
13.934
14.467
15.002
15.53
16.062
17.012
17.218
17.353
17.51
17.67
17.826
17.983
18.139
18.298
18.454
18.63
18.77
31
31
31
31
31
31
31.232
31.484
31.737
31.989
32.244
32.495
32.749
33
33.253
33.503
33.761
31
31
31
31
31
31
31
31
31
31
31
31
31
31
31
31.232
31.484
31.737
31.989
32.244
32.495
32.749
33
33.253
33.503
33.761
31
31
31
31
31
31
31
31
31
31
31
31
31
31
31
31.232
31.484
31.737
31.989
32.244
32.495
32.749
33
33.253
33.503
33.761
31
31
31
31
31
31
31
31
31
31
31
31
31
31
31
31.232
31.484
31.737
31.99
32.244
32.495
32.749
33
33.253
33.503
33.761
31
31
31
31
31
31
31
31
31
31
31
31
31
31
31
31.232
31.484
31.737
31.99
32.244
32.495
32.749
33
33.253
33.503
33.761
31
31
31
31
31
31
31
31
31
31
31
31
31
31
31
31.232
31.484
31.737
31.99
32.244
32.496
32.749
33
33.253
33.503
33.761
31
31
31
31
31
31
31
31
31
27.883
27.729
27.575
27.421
27.267
27.114
26.96
26.806
26.652
26.498
26.344
26.19
26.037
26.237
26.548
26.859
27.17
27.482
27.793
28.104
28.415
28.726
29.037
29.348
29.659
29.97
27.883
27.729
27.575
27.421
27.267
27.113
26.96
26.806
26.652
26.498
26.344
26.19
26.037
26.237
26.548
26.859
27.17
27.482
27.793
28.104
28.415
28.726
29.037
29.348
29.659
29.97
27.883
27.729
27.575
27.421
27.267
27.113
26.96
26.806
26.652
26.498
26.344
26.19
26.037
26.237
26.548
26.859
27.17
27.482
27.793
28.104
28.415
28.726
29.037
29.348
29.659
29.97
27.883
27.729
27.575
27.421
27.267
27.113
26.96
26.806
26.652
26.498
26.344
26.19
26.037
26.237
26.548
26.859
27.17
27.482
27.793
28.104
28.415
28.726
29.037
29.348
29.659
29.971
27.883
27.729
27.575
27.421
27.267
27.113
26.96
26.806
26.652
26.498
26.344
26.19
26.037
26.238
26.548
26.859
27.17
27.482
27.793
28.104
28.415
28.726
29.037
29.348
29.659
29.971
27.883
27.729
27.575
27.421
27.267
27.113
26.96
26.806
26.652
26.498
26.344
26.19
26.037
26.238
26.548
26.859
27.17
27.482
27.793
28.104
28.415
28.726
29.037
29.348
29.659
29.971
16.664
16.816
17.042
17.268
17.493
17.719
17.945
17.681
17.259
16.837
16.416
15.994
15.571
15.153
14.731
14.31
13.886
13.464
13.042
15.234
15.461
15.687
15.913
16.139
16.365
16.623
16.662
16.664
16.816
17.042
17.268
17.493
17.719
17.945
17.681
17.259
16.837
16.416
15.994
15.571
15.153
14.731
14.31
13.885
13.464
13.042
15.234
15.461
15.687
15.913
16.139
16.365
16.623
16.662
16.664
16.816
17.042
17.268
17.493
17.719
17.945
17.681
17.259
16.837
16.416
15.994
15.571
15.153
14.731
14.31
13.885
13.463
13.042
15.234
15.461
15.687
15.913
16.139
16.365
16.623
16.662
16.664
16.816
17.042
17.268
17.494
17.719
17.945
17.681
17.259
16.837
16.415
15.994
15.571
15.153
14.731
14.309
13.885
13.463
13.042
15.234
15.461
15.687
15.913
16.139
16.365
16.623
16.663
16.816
17.042
17.268
17.494
17.719
17.945
17.681
17.259
16.837
16.415
15.994
15.571
15.153
14.731
14.309
13.885
13.463
13.042
15.234
15.461
15.687
15.913
16.139
16.365
16.623
16.663
16.664
16.816
17.042
17.268
17.494
17.719
17.945
17.681
17.259
16.837
16.415
15.994
15.571
15.153
14.731
14.309
13.885
13.463
13.042
15.234
15.461
15.687
15.913
16.139
16.365
16.623
16.663
18.093
18.169
18.246
18.322
18.397
18.474
18.55
18.626
18.702
18.778
18.854
18.93
19.029
19.642
19.947
20.255
20.565
20.871
21.181
21.486
21.793
22.104
22.411
22.719
23.031
18.093
18.169
18.246
18.322
18.397
18.474
18.55
18.626
18.702
18.778
18.854
18.93
19.029
19.642
19.947
20.255
20.565
20.871
21.181
21.486
21.793
22.104
22.411
22.719
23.031
18.093
18.169
18.246
18.322
18.397
18.474
18.55
18.626
18.702
18.778
18.854
18.93
19.029
19.642
19.947
20.255
20.565
20.871
21.181
21.486
21.793
22.104
22.411
22.719
23.031
18.093
18.169
18.246
18.322
18.397
18.474
18.55
18.626
18.702
18.778
18.854
18.93
19.029
19.642
19.947
20.255
20.565
20.871
21.181
21.486
21.793
22.104
22.411
22.719
23.031
18.093
18.169
18.246
18.322
18.397
18.474
18.55
18.626
18.702
18.778
18.854
18.93
19.029
19.642
19.948
20.255
20.565
20.871
21.181
21.486
21.793
22.104
22.411
22.719
23.031
18.093
18.169
18.246
18.322
18.398
18.474
18.55
18.626
18.702
18.778
18.854
18.93
19.029
19.642
19.948
20.255
20.565
20.871
21.181
21.486
21.793
22.104
22.411
22.719
23.031
17
17
17
17
17
17
17
17
17
17
17
17
17.015
17.607
17.928
18.243
18.557
18.879
19.197
19.516
19.834
20.152
20.47
21.106
21.417
21.743
17
17
17
17
17
17
17
17
17
17
17
17
17.015
17.607
17.928
18.243
18.557
18.879
19.197
19.834
20.152
20.47
21.106
21.417
21.744
17
17
17
17
17
17
17
17
17
17
17
17.015
17.607
17.928
18.243
18.557
18.879
19.197
19.516
19.834
20.152
20.47
21.106
21.417
21.744
17
17
17
17
17
17
17
17
17
17
17
17
17.015
17.607
17.928
18.243
18.557
18.879
19.198
19.516
19.834
20.152
20.47
21.107
21.417
21.744
17
17
17
17
17
17
17
17
17
17
17
17.015
17.607
17.928
18.243
18.557
18.879
19.198
19.516
19.834
20.152
20.47
21.107
21.417
21.744
17
17
17
17
17
17
17
17
17
17
17
17.015
17.607
17.928
18.243
18.557
18.879
19.198
19.516
19.834
20.152
20.47
21.107
21.417
21.744
12
12
12
12
12
12
12
12
12
12
12
12
12.534
12.894
13.255
13.616
13.977
14.344
14.705
15.066
15.427
15.788
16.149
16.509
16.87
12
12
12
12
12
12
12
12
12
12
12
12
12.534
12.894
13.255
13.616
13.977
14.344
14.705
15.066
15.427
15.788
16.149
16.509
16.87
12
12
12
12
12
12
12
12
12
12
12
12
12.534
12.895
13.255
13.616
13.977
14.344
14.705
15.066
15.427
15.788
16.149
16.509
16.87
12
12
12
12
12
12
12
12
12
12
12
12.534
12.895
13.256
13.616
13.977
14.344
14.705
15.066
15.427
15.788
16.149
16.51
16.87
12
12
12
12
12
12
12
12
12
12
12
12.534
12.895
13.256
13.616
13.977
14.344
14.705
15.066
15.427
15.788
16.149
16.51
16.87
12
12
12
12
12
12
12
12
12
12
12
12
12.534
12.895
13.256
13.616
13.977
14.344
14.705
15.066
15.427
15.788
16.149
16.51
16.87
17.466
17.889
18.313
18.743
19.17
19.603
20.028
20.457
20.947
21.321
21.747
22.178
22.156
21.372
20.595
19.804
19.016
18.234
17.433
16.662
15.874
14.193
13.513
17.466
17.889
18.313
18.743
19.17
19.603
20.028
20.457
20.947
21.321
21.747
22.178
22.156
21.372
20.595
19.804
19.016
18.234
17.433
16.662
15.874
14.193
13.512
17.466
17.889
18.313
18.743
19.17
19.603
20.028
20.457
20.947
21.321
21.747
22.178
22.156
21.372
20.595
19.804
19.016
18.234
17.433
16.662
15.874
14.193
13.512
17.466
17.889
18.314
18.743
19.171
19.603
20.028
20.457
20.947
21.321
21.747
22.178
22.156
21.372
20.595
19.804
19.016
18.234
17.433
16.662
15.874
14.193
13.512
17.466
17.889
18.314
18.743
19.171
19.603
20.028
20.457
20.947
21.321
21.747
22.178
22.156
21.372
20.595
19.804
19.016
18.234
17.433
16.662
15.874
14.193
13.512
17.466
17.889
18.314
18.743
19.171
19.603
20.028
20.457
20.947
21.321
21.747
22.178
22.156
21.372
20.595
19.804
19.015
18.234
17.433
16.662
15.874
14.193
13.512
20.896
20.354
19.818
19.28
18.742
18.203
17.667
17.126
16.589
15
15
15
15
15
15
15
15
15
20.896
20.354
19.818
19.28
18.742
18.203
17.667
17.126
16.589
15
15
15
15
15
15
15
15
20.896
20.354
19.818
19.28
18.742
18.203
17.667
17.126
16.589
15
15
15
15
15
15
15
15
15
20.896
20.354
19.818
19.28
18.741
18.203
17.667
17.126
16.589
15
15
15
15
15
15
15
15
15
20.896
20.354
19.818
19.28
18.741
18.203
17.667
17.126
16.589
15
15
15
15
15
15
15
15
15
20.895
20.354
19.818
19.28
18.741
18.203
17.667
17.126
16.589
15
15
15
15
15
15
15
15
15
16.072
16.148
16.226
16.321
16.376
16.452
16.607
16.691
16.836
17.797
18.641
19.517
20.351
21.192
22.869
23.715
24.582
26.261
27.108
16.072
16.148
16.226
16.321
16.376
16.452
16.607
16.691
16.836
17.797
18.641
19.517
20.351
21.192
22.869
23.715
24.582
26.261
27.108
16.072
16.148
16.226
16.321
16.376
16.452
16.607
16.691
16.836
17.797
18.641
19.517
20.351
21.192
22.869
23.715
24.582
26.261
27.108
16.072
16.148
16.226
16.452
16.607
16.691
16.836
17.797
18.641
19.517
20.351
21.192
22.869
23.715
24.583
26.261
27.108
16.072
16.148
16.226
16.321
16.376
16.452
16.607
16.691
16.836
17.797
18.641
19.517
20.351
21.192
22.869
23.715
24.583
26.261
27.108
16.072
16.148
16.226
16.321
16.376
16.452
16.607
16.691
16.836
17.797
18.641
19.517
20.351
21.192
22.869
23.715
24.583
26.261
27.108
6.5651
7.1036
7.6466
8.1851
8.7208
9.2594
9.7995
10.334
10.876
11.413
11.875
13.567
14.108
14.646
15.18
15.721
16.261
16.801
17.334
17.872
18.417
18.953
19.491
6.5651
7.1036
7.6466
8.1851
8.7209
9.2595
9.7995
10.334
10.876
11.413
11.875
13.568
14.108
14.646
15.18
15.721
16.261
16.801
17.334
17.872
18.417
18.953
19.491
6.5651
7.1037
7.6466
8.1851
8.7209
9.2595
9.7995
10.334
10.876
11.413
11.875
13.568
14.108
14.646
15.18
15.721
16.261
16.801
17.334
17.872
18.417
19.491
6.5652
7.1038
7.6467
8.1853
8.721
9.2596
9.7996
10.334
10.876
11.413
11.876
13.568
14.108
14.647
15.18
15.721
16.261
16.801
17.334
17.873
18.417
18.953
19.491
6.5653
7.1038
7.6468
8.1853
8.721
9.2596
9.7996
10.334
10.876
11.413
13.568
14.108
14.647
15.18
15.721
16.261
16.801
17.334
17.873
18.417
18.953
19.491
6.5653
7.1038
7.6468
8.1854
8.7211
9.2597
9.7997
10.334
10.876
11.413
11.876
13.568
14.108
14.647
15.18
15.722
16.261
16.801
17.334
17.873
18.417
18.953
19.491
9.3273
9.9456
10.559
11.789
13.044
13.636
14.25
14.863
15
15
15
15
15
15
15
15
15
15
15
15
15
15
15
9.3273
9.9456
10.559
11.789
12.49
13.044
13.636
14.25
14.863
15
15
15
15
15
15
15
15
15
15
15
15
15
15
15
9.3274
9.9457
10.559
11.789
12.49
13.044
13.636
14.25
14.863
15
15
15
15
15
15
15
15
15
15
15
15
15
15
15
9.3275
9.9458
10.559
11.789
12.49
13.044
13.636
14.25
14.863
15
15
15
15
15
15
15
15
15
15
15
15
15
15
15
9.3275
9.9458
10.559
11.789
12.49
13.044
13.636
14.25
14.863
15
15
15
15
15
15
15
15
15
15
15
15
15
15
15
9.3276
9.9458
10.559
11.789
12.49
13.044
13.637
14.25
14.863
15
15
15
15
15
15
15
15
15
15
15
15
15
15
15
8.939
8.8604
8.7817
8.7031
8.6244
8.5458
8.4671
8.3883
8.3098
8.2199
8.1515
8.0102
8.1633
8.317
8.4496
8.6248
8.7787
8.9324
9.0862
9.24
9.394
9.5479
9.7017
8.939
8.8604
8.7817
8.703
8.6244
8.5458
8.4671
8.3883
8.3098
8.2199
8.1515
8.0102
8.1633
8.3171
8.4496
8.6248
8.7787
8.9324
9.0863
9.24
9.394
9.5479
9.7017
8.939
8.8604
8.7817
8.703
8.6244
8.5458
8.4671
8.3883
8.3098
8.2199
8.1515
8.0102
8.1633
8.3171
8.4496
8.6248
8.7787
8.9324
9.0863
9.24
9.394
9.5479
9.7017
8.939
8.8604
8.7817
8.703
8.6244
8.5458
8.4671
8.3883
8.3098
8.2199
8.1515
8.0103
8.1633
8.3171
8.4496
8.6249
8.7788
8.9325
9.0863
9.2401
9.3941
9.5479
9.7017
8.939
8.8604
8.7817
8.703
8.6244
8.5458
8.4671
8.3883
8.3098
8.2199
8.1515
8.0103
8.1633
8.3171
8.4496
8.6249
8.7788
8.9325
9.0863
9.2401
9.3941
9.5479
9.7017
8.939
8.8604
8.7817
8.703
8.6244
8.5457
8.4671
8.3883
8.3098
8.2199
8.1515
8.0103
8.1634
8.3171
8.4496
8.6249
8.7788
8.9325
9.0863
9.2401
9.3941
9.548
9.7018
19.093
20.308
21.522
22.736
23.951
25.165
26.379
27.594
28.807
30.022
31.236
32.45
33.879
32.66
31.43
30.207
28.799
27.74
26.502
25.101
24.045
22.815
21.583
20.353
19.093
20.308
21.522
22.736
23.951
25.165
26.379
27.594
28.807
30.022
31.236
32.45
33.879
32.66
31.43
30.207
28.799
27.74
26.501
25.101
24.045
22.815
21.583
20.353
19.093
20.308
21.522
22.736
23.951
25.165
26.379
27.594
28.807
30.022
31.236
32.45
33.879
32.66
31.43
30.207
28.799
27.74
26.501
25.1
24.045
22.815
21.583
20.353
19.094
20.308
21.522
22.737
23.951
25.165
26.38
27.594
28.808
30.022
31.236
32.451
33.878
32.659
31.429
30.206
28.799
27.739
26.501
25.1
24.045
22.815
21.582
20.352
19.094
20.309
21.522
22.737
23.951
25.165
26.38
27.594
28.808
30.022
31.237
32.451
33.878
32.659
31.429
30.206
28.799
27.739
26.501
25.1
24.045
22.815
21.582
20.352
19.094
20.309
21.522
22.737
23.951
25.165
26.38
27.595
28.808
30.022
31.237
32.451
33.878
32.659
31.429
30.206
28.799
27.739
26.501
25.1
24.044
22.815
21.582
20.352
6
6
6
6
6
6
6
6
6
6
6
6
5.9941
5.9369
5.8371
5.7377
5.6372
5.5373
5.4371
5.1376
5.0378
6
6
6
6
6
6
6
6
6
6
6
6
5.9941
5.9369
5.8371
5.7377
5.6372
5.5373
5.4371
5.1376
5.0378
6
6
6
6
6
6
6
6
6
6
6
6
5.9941
5.9369
5.8371
5.7377
5.6372
5.5373
5.4371
5.1376
5.0378
6
6
6
6
6
6
6
6
6
6
6
6
5.994
5.9369
5.8371
5.7377
5.6372
5.5373
5.4371
5.1375
5.0377
6
6
6
6
6
6
6
6
6
6
6
6
5.994
5.9369
5.8371
5.7377
5.6372
5.5373
5.4371
5.1375
5.0377
6
6
6
6
6
6
6
6
6
6
6
6
5.994
5.9369
5.8371
5.7377
5.6372
5.5373
5.437
5.1375
5.0377
15.99
16.259
16.53
16.792
17.07
17.336
17.607
17.901
18
18
18
18
18
18
18
18
18
18
18
18
18
18
15.991
16.259
16.53
16.792
17.07
17.336
17.607
17.901
18
18
18
18
18
18
18
18
18
18
18
18
18
18
15.991
16.259
16.53
16.792
17.07
17.336
17.607
17.901
18
18
18
18
18
18
18
18
18
18
18
18
18
18
15.991
16.259
16.53
16.792
17.336
17.608
17.901
18
18
18
18
18
18
18
18
18
18
18
18
18
18
15.991
16.259
16.53
16.792
17.07
17.336
17.608
17.901
18
18
18
18
18
18
18
18
18
18
18
18
15.991
16.259
16.53
16.792
17.07
17.336
17.608
17.901
18
18
18
18
18
18
18
18
18
18
18
18
18
18
12.362
12.199
12.017
11.841
11.663
11.484
11.305
11.127
10.949
10.768
10.59
10.115
10.281
10.45
10.615
10.782
10.949
11.117
11.282
11.449
11.947
12.362
12.199
12.017
11.841
11.663
11.484
11.127
10.949
10.768
10.59
10.029
10.115
10.281
10.45
10.615
10.782
10.949
11.117
11.282
11.449
11.614
11.781
11.947
12.362
12.199
12.017
11.841
11.663
11.305
11.127
10.949
10.768
10.59
10.029
10.115
10.281
10.45
10.615
10.782
10.949
11.117
11.282
11.449
11.614
11.781
11.947
12.362
12.199
12.017
11.841
11.484
11.305
11.127
10.949
10.59
10.029
10.115
10.281
10.45
10.615
10.782
10.949
11.117
11.282
11.449
11.614
11.782
11.947
12.362
12.199
12.017
11.663
11.484
11.305
11.127
10.949
10.768
10.59
10.029
10.115
10.281
10.45
10.615
10.782
10.949
11.117
11.282
11.449
11.614
11.782
11.947
12.362
12.199
12.017
11.841
11.663
11.484
11.305
11.127
10.949
10.768
10.59
10.029
10.115
10.281
10.45
10.615
10.782
10.949
11.117
11.282
11.614
11.947
27.612
27.424
27.212
26.995
26.784
26.566
26.352
26.138
25.923
25.741
25.496
25.282
25.066
29.217
30.353
31.504
32.645
33.789
34.925
36.561
39.511
27.612
27.424
27.212
26.995
26.784
26.566
26.352
26.138
25.923
25.741
25.496
25.282
25.066
29.217
30.353
31.504
32.645
33.789
34.925
39.511
27.612
27.424
27.212
26.995
26.784
26.566
26.352
26.138
25.923
25.741
25.496
25.282
25.066
29.217
30.353
31.505
32.646
33.789
34.926
36.562
39.511
27.612
27.424
27.212
26.995
26.784
26.566
26.352
25.923
25.741
25.282
25.066
29.217
30.353
31.505
32.646
33.789
34.926
36.562
39.511
27.612
27.424
27.212
26.995
26.784
26.566
26.352
26.138
25.923
25.741
25.496
25.282
25.066
29.217
30.353
31.505
32.646
33.789
34.926
36.562
39.511
27.612
27.424
27.212
26.994
26.784
26.566
26.352
26.138
25.923
25.741
25.496
25.282
25.066
29.217
30.354
31.505
32.646
33.789
34.926
36.562
39.511
11.293
10.906
10.529
10.141
9.7558
9.3743
8.9886
7.8318
7.4441
7.0631
7.4544
8.55
9.0904
9.635
10.179
10.723
11.264
11.813
12.824
11.293
10.906
10.529
10.141
9.7558
8.9886
7.8318
7.4441
7.0631
7.4544
8.5501
9.0904
9.635
10.179
10.723
11.813
12.356
12.824
11.293
10.906
10.529
10.141
9.7558
8.9886
7.8318
7.4441
7.0631
7.4544
8.5501
9.0904
9.635
10.179
11.264
11.813
12.356
11.293
10.906
10.529
10.141
9.7557
9.3742
8.9885
7.8317
7.444
7.063
7.4545
8.5502
9.0905
9.6352
10.179
10.724
11.264
11.813
12.356
12.824
11.293
10.906
10.529
10.141
9.7557
9.3742
8.9885
7.8317
7.444
7.063
7.4546
8.5502
9.0906
9.6352
10.179
10.724
11.264
11.813
12.356
12.824
11.293
10.906
10.529
10.141
9.7557
9.3742
8.9885
7.8317
7.444
7.063
7.4546
9.0906
9.6352
10.179
10.724
11.814
12.356
12.824
12.288
12.504
12.718
12.934
13.175
13.39
13.574
13.788
14.188
14.434
14.646
14.86
14.66
14.41
14.16
13.912
13.624
13.379
13.162
12.874
12.664
12.412
12.16
12.288
12.504
12.718
12.934
13.175
13.39
13.574
13.788
14.188
14.434
14.646
14.86
14.66
14.41
14.16
13.912
13.624
13.379
13.162
12.874
12.664
12.412
12.16
12.288
12.504
12.718
12.934
13.175
13.39
13.574
13.788
14.188
14.434
14.646
14.86
14.66
14.41
14.16
13.912
13.624
13.379
13.162
12.874
12.664
12.412
12.16
12.288
12.504
12.718
12.934
13.175
13.391
13.574
13.788
14.188
14.434
14.646
14.86
14.66
14.41
14.16
13.912
13.624
13.379
13.162
12.874
12.664
12.412
12.16
12.288
12.504
12.718
12.934
13.175
13.391
13.574
13.788
14.188
14.434
14.646
14.86
14.66
14.41
14.16
13.912
13.624
13.379
13.162
12.874
12.664
12.412
12.16
12.288
12.504
12.718
12.934
13.175
13.391
13.574
13.788
14.188
14.434
14.646
14.86
14.66
14.41
14.16
13.912
13.624
13.379
13.162
12.874
12.664
12.412
12.16
12.224
12.358
12.511
12.663
12.759
12.891
13.045
13.158
13.291
13.424
13.596
13.691
13.844
13.958
14.07
14.153
14.259
14.343
14.39
14.486
14.58
14.64
14.723
14.831
14.89
14.974
12.224
12.358
12.511
12.663
12.759
12.891
13.045
13.158
13.291
13.424
13.596
13.691
13.844
13.958
14.07
14.153
14.259
14.343
14.39
14.486
14.58
14.64
14.723
14.831
14.89
14.974
12.224
12.358
12.511
12.663
12.759
12.891
13.045
13.158
13.291
13.424
13.596
13.691
13.844
13.958
14.07
14.153
14.259
14.343
14.39
14.486
14.581
14.64
14.723
14.831
14.89
14.974
12.224
12.358
12.511
12.663
12.759
12.891
13.045
13.158
13.291
13.424
13.596
13.691
13.844
13.958
14.07
14.153
14.259
14.343
14.39
14.486
14.581
14.64
14.723
14.831
14.89
14.974
12.224
12.358
12.511
12.663
12.759
12.891
13.045
13.158
13.291
13.424
13.596
13.691
13.844
13.958
14.07
14.153
14.259
14.343
14.39
14.486
14.581
14.64
14.723
14.832
14.89
14.974
12.224
12.358
12.511
12.663
12.759
12.891
13.045
13.158
13.291
13.424
13.596
13.691
13.844
13.958
14.07
14.153
14.259
14.343
14.39
14.486
14.581
14.64
14.723
14.832
14.89
14.974
24.206
24.268
24.388
24.812
25.236
25.674
26.085
26.512
26.995
27.418
27.842
28.268
28.692
29.175
30.031
30.335
30.708
31.445
31.81
32.177
32.547
33.334
33.655
33.968
24.206
24.268
24.388
24.812
25.236
25.674
26.085
26.512
26.995
27.418
27.842
28.268
28.692
29.175
30.031
30.335
30.708
31.445
31.81
32.177
32.547
33.334
33.655
33.968
24.206
24.268
24.388
24.812
25.236
25.674
26.085
26.512
26.995
27.418
27.842
28.268
28.692
29.175
30.031
30.335
30.708
31.445
31.81
32.177
32.547
33.334
33.655
33.968
24.206
24.268
24.388
24.812
25.236
25.674
26.085
26.512
26.995
27.418
27.842
28.268
28.692
29.176
30.031
30.335
30.708
31.445
31.81
32.177
32.547
33.334
33.655
33.968
24.206
24.268
24.388
24.812
25.236
25.674
26.085
26.512
26.995
27.418
27.842
28.268
28.692
29.176
30.031
30.335
30.708
31.445
31.81
32.177
32.547
33.334
33.655
33.968
24.206
24.268
24.388
24.812
25.236
25.674
26.085
26.512
26.995
27.418
27.842
28.268
28.692
29.176
30.031
30.335
30.708
31.445
31.81
32.177
32.547
33.334
33.655
33.968
25.264
25.395
25.552
25.706
26.017
26.177
26.33
26.486
26.64
26.796
26.953
26.72
25.921
25.126
24.332
23.863
23.461
22.893
22.733
21.927
21.006
25.264
25.395
25.552
25.706
25.861
26.017
26.177
26.33
26.486
26.64
26.796
26.953
26.72
25.921
25.126
24.332
23.863
23.461
22.893
22.733
21.927
21.006
25.264
25.395
25.552
25.706
26.017
26.177
26.33
26.486
26.64
26.796
26.953
26.72
25.921
25.126
24.332
23.863
23.461
22.893
22.733
21.927
21.006
25.264
25.395
25.552
25.706
25.861
26.017
26.177
26.33
26.486
26.64
26.796
26.953
26.72
25.921
25.126
24.332
23.863
23.461
22.893
22.733
21.927
21.006
25.264
25.395
25.552
25.706
25.861
26.017
26.177
26.33
26.486
26.64
26.796
26.953
26.72
25.921
25.126
24.332
23.863
23.461
22.893
22.733
21.927
21.006
25.264
25.395
25.552
25.706
25.861
26.017
26.177
26.33
26.486
26.64
26.796
26.953
26.72
25.921
25.126
24.332
23.863
23.461
22.893
22.733
21.927
21.006
7.3449
7.9954
8.318
8.6515
9.2893
9.6153
9.94
10.359
10.633
10.912
11.559
11.88
12
12
12
12
12
12
12
12
12
12
12
7.3449
7.9954
8.318
8.6515
9.2893
9.6153
10.359
10.633
10.912
11.559
11.88
12
12
12
12
12
12
12
12
12
12
12
7.345
7.9954
8.318
8.6515
9.2893
9.6153
9.94
10.359
10.912
11.559
11.88
12
12
12
12
12
12
12
12
12
12
7.345
7.9955
8.3181
9.2894
9.6154
9.9401
10.359
10.633
10.912
11.559
11.88
12
12
12
12
12
12
12
12
12
7.345
7.9955
8.3181
8.6516
9.2894
9.6154
9.9401
10.359
10.633
10.912
11.559
11.88
12
12
12
12
12
12
12
12
12
12
7.3451
7.9955
8.3181
8.6516
9.2894
9.9402
10.359
10.633
10.912
11.559
11.88
12
12
12
12
12
12
12
12
12
12
31.93
31.853
31.776
31.699
31.622
31.546
31.469
31.392
31.315
31.238
31.161
31.084
30.39
29.715
29.038
28.366
27.689
27.015
25.662
24.986
24.311
23.628
22.96
31.93
31.853
31.776
31.699
31.622
31.546
31.469
31.392
31.315
31.238
31.161
31.084
30.39
29.715
29.038
28.366
27.689
27.015
25.661
24.986
24.311
23.628
22.96
31.93
31.853
31.776
31.699
31.622
31.546
31.469
31.392
31.315
31.238
31.161
31.084
30.39
29.715
29.038
28.366
27.689
27.015
25.661
24.986
24.311
23.628
22.96
31.93
31.776
31.699
31.622
31.545
31.469
31.392
31.315
31.238
31.084
30.39
29.715
29.038
28.366
27.689
27.015
25.661
24.986
24.311
23.628
22.96
31.853
31.776
31.699
31.622
31.545
31.469
31.392
31.315
31.238
31.161
31.084
30.39
29.715
29.038
28.366
27.689
27.015
25.661
24.986
24.311
23.628
22.96
31.93
31.853
31.776
31.699
31.622
31.545
31.469
31.392
31.315
31.238
31.161
31.084
30.39
29.715
29.038
28.366
27.015
25.661
24.986
24.311
23.628
22.96
27.549
27.173
26.797
26.42
26.044
25.667
25.293
24.863
24.487
24.11
23.68
23.304
23.006
23.009
23.447
23.541
23.667
23.778
23.888
23.998
24.109
24.219
24.345
24.439
24.549
24.659
24.754
24.88
27.549
27.173
26.797
26.42
26.044
25.667
25.293
24.863
24.487
24.11
23.68
23.304
23.006
23.009
23.447
23.541
23.667
23.778
23.888
23.998
24.109
24.219
24.345
24.439
24.55
24.659
24.754
24.88
27.549
27.173
26.797
26.42
26.044
25.667
25.293
24.863
24.487
24.11
23.68
23.304
23.006
23.009
23.447
23.541
23.667
23.778
23.888
23.998
24.109
24.219
24.345
24.439
24.55
24.659
24.754
24.88
27.548
27.172
26.796
26.42
26.044
25.667
25.293
24.863
24.487
24.11
23.68
23.304
23.006
23.009
23.447
23.541
23.667
23.778
23.888
23.998
24.109
24.219
24.345
24.439
24.55
24.659
24.754
24.88
27.548
27.172
26.796
26.42
26.044
25.667
25.293
24.863
24.487
24.11
23.68
23.304
23.006
23.009
23.447
23.541
23.667
23.778
23.888
23.998
24.109
24.219
24.345
24.439
24.55
24.659
24.754
24.88
27.548
27.172
26.796
26.42
26.044
25.667
25.293
24.863
24.487
24.11
23.68
23.304
23.006
23.009
23.447
23.541
23.667
23.778
23.888
23.998
24.109
24.219
24.345
24.439
24.55
24.659
24.754
24.88
32.535
32.073
31.51
30.893
30.284
29.144
28.654
28.006
27.514
26.867
26.382
25.243
24.587
24.081
23.447
22.958
22.308
21.208
20.682
20.069
32.535
32.073
31.51
30.893
30.284
29.144
28.654
28.006
27.514
26.867
26.382
25.243
24.587
24.081
23.447
22.958
22.308
21.82
21.208
20.682
20.069
19.417
32.535
32.073
31.51
30.893
29.144
28.654
28.006
27.514
26.867
26.382
25.243
24.587
24.081
23.447
22.958
22.308
21.82
21.208
20.682
20.069
19.417
32.535
32.072
31.51
30.893
30.283
29.144
28.654
28.005
27.514
26.867
26.382
25.242
24.587
24.08
23.447
22.958
22.308
21.82
21.208
20.682
20.069
19.417
32.535
32.072
31.51
30.893
29.144
28.654
28.005
27.514
26.867
26.382
25.242
24.587
24.08
23.447
22.958
22.308
21.82
21.208
20.069
19.417
32.535
32.072
31.51
30.892
29.144
28.654
28.005
27.514
26.867
26.382
25.242
24.587
24.08
23.446
22.958
22.308
21.82
21.208
20.681
20.069
19.417
